1000	3.280432e-04	3.279593e-04	3.276478e-04
1	4.865774e-06	4.865774e-06	4.865774e-06	3	11	101	-1	1	0	1	2	3	
2	4.023373e-05	4.865774e-06	4.865774e-06	2	12	102	0	0	4	5	
3	7.560169e-05	4.865774e-06	4.865774e-06	2	13	103	0	0	6	7	
4	1.109696e-04	4.865774e-06	4.865774e-06	3	5	14	104	0	0	8	9	10	
5	1.463376e-04	4.865774e-06	4.865774e-06	3	6	15	4	0	0	11	12	8	
6	1.817056e-04	4.865774e-06	4.865774e-06	2	106	5	0	0	13	11	
7	2.170735e-04	4.865774e-06	4.865774e-06	2	8	107	0	0	14	15	
8	2.524415e-04	4.865774e-06	4.865774e-06	3	18	108	7	0	0	16	17	14	
9	2.878094e-04	4.865774e-06	4.865774e-06	1	109	0	0	18	
10	3.231774e-04	4.865774e-06	4.865774e-06	3	0	20	110	0	1	19	20	21	
11	4.865774e-06	4.022441e-05	4.865774e-06	4	12	21	-1	1	1	0	22	23	24	1	
12	4.023373e-05	4.022441e-05	4.865774e-06	4	13	22	11	2	0	0	25	26	22	4	
13	7.560169e-05	4.022441e-05	4.865774e-06	5	14	23	113	12	3	0	0	27	28	29	25	6	
14	1.109696e-04	4.022441e-05	4.865774e-06	3	24	13	4	0	0	30	27	9	
15	1.463376e-04	4.022441e-05	4.865774e-06	2	115	5	0	0	31	12	
16	1.817056e-04	4.022441e-05	4.865774e-06	2	26	116	0	0	32	33	
17	2.170735e-04	4.022441e-05	4.865774e-06	3	18	27	117	0	0	34	35	36	
18	2.524415e-04	4.022441e-05	4.865774e-06	2	17	8	0	0	34	16	
19	2.878094e-04	4.022441e-05	4.865774e-06	2	20	119	0	0	37	38	
20	3.231774e-04	4.022441e-05	4.865774e-06	3	0	19	10	0	1	39	37	20	
21	4.865774e-06	7.558305e-05	4.865774e-06	4	22	121	-1	11	1	0	40	41	42	23	
22	4.023373e-05	7.558305e-05	4.865774e-06	4	32	122	21	12	0	0	43	44	40	26	
23	7.560169e-05	7.558305e-05	4.865774e-06	3	24	33	13	0	0	45	46	28	
24	1.109696e-04	7.558305e-05	4.865774e-06	4	25	34	23	14	0	0	47	48	45	30	
25	1.463376e-04	7.558305e-05	4.865774e-06	4	26	35	125	24	0	0	49	50	51	47	
26	1.817056e-04	7.558305e-05	4.865774e-06	4	27	36	25	16	0	0	52	53	49	32	
27	2.170735e-04	7.558305e-05	4.865774e-06	5	28	37	127	26	17	0	0	54	55	56	52	35	
28	2.524415e-04	7.558305e-05	4.865774e-06	4	29	38	128	27	0	0	57	58	59	54	
29	2.878094e-04	7.558305e-05	4.865774e-06	3	30	129	28	0	0	60	61	57	
30	3.231774e-04	7.558305e-05	4.865774e-06	4	0	40	130	29	0	1	62	63	64	60	
31	4.865774e-06	1.109417e-04	4.865774e-06	4	32	41	131	-1	1	0	65	66	67	68	
32	4.023373e-05	1.109417e-04	4.865774e-06	5	33	42	132	31	22	0	0	69	70	71	65	43	
33	7.560169e-05	1.109417e-04	4.865774e-06	3	34	32	23	0	0	72	69	46	
34	1.109696e-04	1.109417e-04	4.865774e-06	4	35	44	33	24	0	0	73	74	72	48	
35	1.463376e-04	1.109417e-04	4.865774e-06	4	36	45	34	25	0	0	75	76	73	50	
36	1.817056e-04	1.109417e-04	4.865774e-06	4	37	46	35	26	0	0	77	78	75	53	
37	2.170735e-04	1.109417e-04	4.865774e-06	5	38	47	137	36	27	0	0	79	80	81	77	55	
38	2.524415e-04	1.109417e-04	4.865774e-06	5	39	48	138	37	28	0	0	82	83	84	79	58	
39	2.878094e-04	1.109417e-04	4.865774e-06	4	40	49	139	38	0	0	85	86	87	82	
40	3.231774e-04	1.109417e-04	4.865774e-06	5	0	50	140	39	30	0	1	88	89	90	85	63	
41	4.865774e-06	1.463003e-04	4.865774e-06	4	51	141	-1	31	1	0	91	92	93	66	
42	4.023373e-05	1.463003e-04	4.865774e-06	1	32	0	0	70	
43	7.560169e-05	1.463003e-04	4.865774e-06	2	53	143	0	0	94	95	
44	1.109696e-04	1.463003e-04	4.865774e-06	2	144	34	0	0	96	74	
45	1.463376e-04	1.463003e-04	4.865774e-06	4	46	55	145	35	0	0	97	98	99	76	
46	1.817056e-04	1.463003e-04	4.865774e-06	2	45	36	0	0	97	78	
47	2.170735e-04	1.463003e-04	4.865774e-06	3	48	147	37	0	0	100	101	80	
48	2.524415e-04	1.463003e-04	4.865774e-06	5	49	58	148	47	38	0	0	102	103	104	100	83	
49	2.878094e-04	1.463003e-04	4.865774e-06	5	50	59	149	48	39	0	0	105	106	107	102	86	
50	3.231774e-04	1.463003e-04	4.865774e-06	4	0	60	49	40	0	1	108	109	105	89	
51	4.865774e-06	1.816590e-04	4.865774e-06	5	52	61	151	-1	41	1	0	110	111	112	113	91	
52	4.023373e-05	1.816590e-04	4.865774e-06	2	62	51	0	0	114	110	
53	7.560169e-05	1.816590e-04	4.865774e-06	4	54	63	153	43	0	0	115	116	117	94	
54	1.109696e-04	1.816590e-04	4.865774e-06	4	55	64	154	53	0	0	118	119	120	115	
55	1.463376e-04	1.816590e-04	4.865774e-06	4	56	65	54	45	0	0	121	122	118	98	
56	1.817056e-04	1.816590e-04	4.865774e-06	3	66	156	55	0	0	123	124	121	
57	2.170735e-04	1.816590e-04	4.865774e-06	1	67	0	0	125	
58	2.524415e-04	1.816590e-04	4.865774e-06	3	59	68	48	0	0	126	127	103	
59	2.878094e-04	1.816590e-04	4.865774e-06	5	60	69	159	58	49	0	0	128	129	130	126	106	
60	3.231774e-04	1.816590e-04	4.865774e-06	3	0	59	50	0	1	131	128	109	
61	4.865774e-06	2.170176e-04	4.865774e-06	3	161	-1	51	1	0	132	133	111	
62	4.023373e-05	2.170176e-04	4.865774e-06	3	63	72	52	0	0	134	135	114	
63	7.560169e-05	2.170176e-04	4.865774e-06	3	73	62	53	0	0	136	134	116	
64	1.109696e-04	2.170176e-04	4.865774e-06	2	74	54	0	0	137	119	
65	1.463376e-04	2.170176e-04	4.865774e-06	4	66	75	165	55	0	0	138	139	140	122	
66	1.817056e-04	2.170176e-04	4.865774e-06	5	67	76	166	65	56	0	0	141	142	143	138	123	
67	2.170735e-04	2.170176e-04	4.865774e-06	3	77	66	57	0	0	144	141	125	
68	2.524415e-04	2.170176e-04	4.865774e-06	4	69	78	168	58	0	0	145	146	147	127	
69	2.878094e-04	2.170176e-04	4.865774e-06	3	169	68	59	0	0	148	145	129	
70	3.231774e-04	2.170176e-04	4.865774e-06	2	0	80	0	1	149	150	
71	4.865774e-06	2.523762e-04	4.865774e-06	4	72	81	171	-1	1	0	151	152	153	154	
72	4.023373e-05	2.523762e-04	4.865774e-06	5	73	82	172	71	62	0	0	155	156	157	151	135	
73	7.560169e-05	2.523762e-04	4.865774e-06	4	83	173	72	63	0	0	158	159	155	136	
74	1.109696e-04	2.523762e-04	4.865774e-06	3	75	84	64	0	0	160	161	137	
75	1.463376e-04	2.523762e-04	4.865774e-06	3	76	74	65	0	0	162	160	139	
76	1.817056e-04	2.523762e-04	4.865774e-06	4	77	176	75	66	0	0	163	164	162	142	
77	2.170735e-04	2.523762e-04	4.865774e-06	5	78	87	177	76	67	0	0	165	166	167	163	144	
78	2.524415e-04	2.523762e-04	4.865774e-06	5	79	88	178	77	68	0	0	168	169	170	165	146	
79	2.878094e-04	2.523762e-04	4.865774e-06	4	80	89	179	78	0	0	171	172	173	168	
80	3.231774e-04	2.523762e-04	4.865774e-06	5	0	90	180	79	70	0	1	174	175	176	171	150	
81	4.865774e-06	2.877349e-04	4.865774e-06	4	82	91	-1	71	1	0	177	178	179	152	
82	4.023373e-05	2.877349e-04	4.865774e-06	5	83	92	182	81	72	0	0	180	181	182	177	156	
83	7.560169e-05	2.877349e-04	4.865774e-06	3	183	82	73	0	0	183	180	158	
84	1.109696e-04	2.877349e-04	4.865774e-06	3	85	94	74	0	0	184	185	161	
85	1.463376e-04	2.877349e-04	4.865774e-06	3	95	185	84	0	0	186	187	184	
86	1.817056e-04	2.877349e-04	4.865774e-06	2	87	186	0	0	188	189	
87	2.170735e-04	2.877349e-04	4.865774e-06	4	88	97	86	77	0	0	190	191	188	166	
88	2.524415e-04	2.877349e-04	4.865774e-06	5	89	98	188	87	78	0	0	192	193	194	190	169	
89	2.878094e-04	2.877349e-04	4.865774e-06	5	90	99	189	88	79	0	0	195	196	197	192	172	
90	3.231774e-04	2.877349e-04	4.865774e-06	4	0	100	89	80	0	1	198	199	195	175	
91	4.865774e-06	3.230935e-04	4.865774e-06	3	191	-1	81	1	0	200	201	178	
92	4.023373e-05	3.230935e-04	4.865774e-06	3	93	192	82	0	0	202	203	181	
93	7.560169e-05	3.230935e-04	4.865774e-06	1	92	0	0	202	
94	1.109696e-04	3.230935e-04	4.865774e-06	3	95	194	84	0	0	204	205	185	
95	1.463376e-04	3.230935e-04	4.865774e-06	3	195	94	85	0	0	206	204	186	
96	1.817056e-04	3.230935e-04	4.865774e-06	2	97	196	0	0	207	208	
97	2.170735e-04	3.230935e-04	4.865774e-06	3	98	96	87	0	0	209	207	191	
98	2.524415e-04	3.230935e-04	4.865774e-06	4	99	198	97	88	0	0	210	211	209	193	
99	2.878094e-04	3.230935e-04	4.865774e-06	4	100	199	98	89	0	0	212	213	210	196	
100	3.231774e-04	3.230935e-04	4.865774e-06	3	0	99	90	0	1	214	212	199	
101	4.865774e-06	4.865774e-06	4.018980e-05	5	102	111	201	-1	1	1	0	215	216	217	218	2	
102	4.023373e-05	4.865774e-06	4.018980e-05	3	103	101	2	0	0	219	215	5	
103	7.560169e-05	4.865774e-06	4.018980e-05	5	104	113	203	102	3	0	0	220	221	222	219	7	
104	1.109696e-04	4.865774e-06	4.018980e-05	3	114	103	4	0	0	223	220	10	
105	1.463376e-04	4.865774e-06	4.018980e-05	2	115	205	0	0	224	225	
106	1.817056e-04	4.865774e-06	4.018980e-05	3	116	206	6	0	0	226	227	13	
107	2.170735e-04	4.865774e-06	4.018980e-05	3	108	207	7	0	0	228	229	15	
108	2.524415e-04	4.865774e-06	4.018980e-05	5	109	118	208	107	8	0	0	230	231	232	228	17	
109	2.878094e-04	4.865774e-06	4.018980e-05	5	110	119	209	108	9	0	0	233	234	235	230	18	
110	3.231774e-04	4.865774e-06	4.018980e-05	4	0	210	109	10	0	1	236	237	233	21	
111	4.865774e-06	4.022441e-05	4.018980e-05	4	121	211	-1	101	1	0	238	239	240	216	
112	4.023373e-05	4.022441e-05	4.018980e-05	2	113	212	0	0	241	242	
113	7.560169e-05	4.022441e-05	4.018980e-05	5	114	123	112	103	13	0	0	243	244	241	221	29	
114	1.109696e-04	4.022441e-05	4.018980e-05	5	115	124	214	113	104	0	0	245	246	247	243	223	
115	1.463376e-04	4.022441e-05	4.018980e-05	5	125	215	114	105	15	0	0	248	249	245	224	31	
116	1.817056e-04	4.022441e-05	4.018980e-05	4	117	216	106	16	0	0	250	251	226	33	
117	2.170735e-04	4.022441e-05	4.018980e-05	3	217	116	17	0	0	252	250	36	
118	2.524415e-04	4.022441e-05	4.018980e-05	3	128	218	108	0	0	253	254	231	
119	2.878094e-04	4.022441e-05	4.018980e-05	3	219	109	19	0	0	255	234	38	
120	3.231774e-04	4.022441e-05	4.018980e-05	2	0	220	0	1	256	257	
121	4.865774e-06	7.558305e-05	4.018980e-05	5	122	221	-1	111	21	1	0	258	259	260	238	41	
122	4.023373e-05	7.558305e-05	4.018980e-05	4	123	222	121	22	0	0	261	262	258	44	
123	7.560169e-05	7.558305e-05	4.018980e-05	4	124	223	122	113	0	0	263	264	261	244	
124	1.109696e-04	7.558305e-05	4.018980e-05	3	224	123	114	0	0	265	263	246	
125	1.463376e-04	7.558305e-05	4.018980e-05	5	126	135	225	115	25	0	0	266	267	268	248	51	
126	1.817056e-04	7.558305e-05	4.018980e-05	3	136	226	125	0	0	269	270	266	
127	2.170735e-04	7.558305e-05	4.018980e-05	2	227	27	0	0	271	56	
128	2.524415e-04	7.558305e-05	4.018980e-05	3	138	118	28	0	0	272	253	59	
129	2.878094e-04	7.558305e-05	4.018980e-05	4	130	139	229	29	0	0	273	274	275	61	
130	3.231774e-04	7.558305e-05	4.018980e-05	4	0	140	129	30	0	1	276	277	273	64	
131	4.865774e-06	1.109417e-04	4.018980e-05	5	132	141	231	-1	31	1	0	278	279	280	281	67	
132	4.023373e-05	1.109417e-04	4.018980e-05	4	133	232	131	32	0	0	282	283	278	71	
133	7.560169e-05	1.109417e-04	4.018980e-05	4	134	143	233	132	0	0	284	285	286	282	
134	1.109696e-04	1.109417e-04	4.018980e-05	2	135	133	0	0	287	284	
135	1.463376e-04	1.109417e-04	4.018980e-05	4	145	235	134	125	0	0	288	289	287	267	
136	1.817056e-04	1.109417e-04	4.018980e-05	3	146	236	126	0	0	290	291	269	
137	2.170735e-04	1.109417e-04	4.018980e-05	4	138	147	237	37	0	0	292	293	294	81	
138	2.524415e-04	1.109417e-04	4.018980e-05	5	148	238	137	128	38	0	0	295	296	292	272	84	
139	2.878094e-04	1.109417e-04	4.018980e-05	4	140	149	129	39	0	0	297	298	274	87	
140	3.231774e-04	1.109417e-04	4.018980e-05	5	0	150	139	130	40	0	1	299	300	297	277	90	
141	4.865774e-06	1.463003e-04	4.018980e-05	5	142	151	-1	131	41	1	0	301	302	303	279	92	
142	4.023373e-05	1.463003e-04	4.018980e-05	2	143	141	0	0	304	301	
143	7.560169e-05	1.463003e-04	4.018980e-05	5	144	243	142	133	43	0	0	305	306	304	285	95	
144	1.109696e-04	1.463003e-04	4.018980e-05	3	244	143	44	0	0	307	305	96	
145	1.463376e-04	1.463003e-04	4.018980e-05	5	146	155	245	135	45	0	0	308	309	310	288	99	
146	1.817056e-04	1.463003e-04	4.018980e-05	4	147	246	145	136	0	0	311	312	308	290	
147	2.170735e-04	1.463003e-04	4.018980e-05	5	148	247	146	137	47	0	0	313	314	311	293	101	
148	2.524415e-04	1.463003e-04	4.018980e-05	4	149	147	138	48	0	0	315	313	295	104	
149	2.878094e-04	1.463003e-04	4.018980e-05	5	150	159	148	139	49	0	0	316	317	315	298	107	
150	3.231774e-04	1.463003e-04	4.018980e-05	5	0	160	250	149	140	0	1	318	319	320	316	300	
151	4.865774e-06	1.816590e-04	4.018980e-05	5	152	161	-1	141	51	1	0	321	322	323	302	112	
152	4.023373e-05	1.816590e-04	4.018980e-05	4	153	162	252	151	0	0	324	325	326	321	
153	7.560169e-05	1.816590e-04	4.018980e-05	4	163	253	152	53	0	0	327	328	324	117	
154	1.109696e-04	1.816590e-04	4.018980e-05	2	164	54	0	0	329	120	
155	1.463376e-04	1.816590e-04	4.018980e-05	2	165	145	0	0	330	309	
156	1.817056e-04	1.816590e-04	4.018980e-05	3	157	166	56	0	0	331	332	124	
157	2.170735e-04	1.816590e-04	4.018980e-05	3	158	167	156	0	0	333	334	331	
158	2.524415e-04	1.816590e-04	4.018980e-05	2	159	157	0	0	335	333	
159	2.878094e-04	1.816590e-04	4.018980e-05	5	160	259	158	149	59	0	0	336	337	335	317	130	
160	3.231774e-04	1.816590e-04	4.018980e-05	4	0	170	159	150	0	1	338	339	336	319	
161	4.865774e-06	2.170176e-04	4.018980e-05	5	162	261	-1	151	61	1	0	340	341	342	322	132	
162	4.023373e-05	2.170176e-04	4.018980e-05	5	163	172	262	161	152	0	0	343	344	345	340	325	
163	7.560169e-05	2.170176e-04	4.018980e-05	4	164	173	162	153	0	0	346	347	343	327	
164	1.109696e-04	2.170176e-04	4.018980e-05	4	174	264	163	154	0	0	348	349	346	329	
165	1.463376e-04	2.170176e-04	4.018980e-05	5	166	175	265	155	65	0	0	350	351	352	330	140	
166	1.817056e-04	2.170176e-04	4.018980e-05	5	167	176	165	156	66	0	0	353	354	350	332	143	
167	2.170735e-04	2.170176e-04	4.018980e-05	4	168	177	166	157	0	0	355	356	353	334	
168	2.524415e-04	2.170176e-04	4.018980e-05	5	169	178	268	167	68	0	0	357	358	359	355	147	
169	2.878094e-04	2.170176e-04	4.018980e-05	3	170	168	69	0	0	360	357	148	
170	3.231774e-04	2.170176e-04	4.018980e-05	5	0	180	270	169	160	0	1	361	362	363	360	339	
171	4.865774e-06	2.523762e-04	4.018980e-05	4	181	271	-1	71	1	0	364	365	366	153	
172	4.023373e-05	2.523762e-04	4.018980e-05	4	173	182	162	72	0	0	367	368	344	157	
173	7.560169e-05	2.523762e-04	4.018980e-05	5	174	183	172	163	73	0	0	369	370	367	347	159	
174	1.109696e-04	2.523762e-04	4.018980e-05	4	175	184	173	164	0	0	371	372	369	348	
175	1.463376e-04	2.523762e-04	4.018980e-05	3	275	174	165	0	0	373	371	351	
176	1.817056e-04	2.523762e-04	4.018980e-05	4	177	186	166	76	0	0	374	375	354	164	
177	2.170735e-04	2.523762e-04	4.018980e-05	5	187	277	176	167	77	0	0	376	377	374	356	167	
178	2.524415e-04	2.523762e-04	4.018980e-05	4	179	188	168	78	0	0	378	379	358	170	
179	2.878094e-04	2.523762e-04	4.018980e-05	4	189	279	178	79	0	0	380	381	378	173	
180	3.231774e-04	2.523762e-04	4.018980e-05	4	0	190	170	80	0	1	382	383	362	176	
181	4.865774e-06	2.877349e-04	4.018980e-05	4	182	281	-1	171	1	0	384	385	386	364	
182	4.023373e-05	2.877349e-04	4.018980e-05	5	183	282	181	172	82	0	0	387	388	384	368	182	
183	7.560169e-05	2.877349e-04	4.018980e-05	5	184	193	182	173	83	0	0	389	390	387	370	183	
184	1.109696e-04	2.877349e-04	4.018980e-05	5	185	194	284	183	174	0	0	391	392	393	389	372	
185	1.463376e-04	2.877349e-04	4.018980e-05	5	186	195	285	184	85	0	0	394	395	396	391	187	
186	1.817056e-04	2.877349e-04	4.018980e-05	5	187	196	185	176	86	0	0	397	398	394	375	189	
187	2.170735e-04	2.877349e-04	4.018980e-05	4	188	197	186	177	0	0	399	400	397	376	
188	2.524415e-04	2.877349e-04	4.018980e-05	5	189	288	187	178	88	0	0	401	402	399	379	194	
189	2.878094e-04	2.877349e-04	4.018980e-05	5	199	289	188	179	89	0	0	403	404	401	380	197	
190	3.231774e-04	2.877349e-04	4.018980e-05	3	0	290	180	0	1	405	406	383	
191	4.865774e-06	3.230935e-04	4.018980e-05	3	291	-1	91	1	0	407	408	200	
192	4.023373e-05	3.230935e-04	4.018980e-05	1	92	0	0	203	
193	7.560169e-05	3.230935e-04	4.018980e-05	3	194	293	183	0	0	409	410	390	
194	1.109696e-04	3.230935e-04	4.018980e-05	5	195	294	193	184	94	0	0	411	412	409	392	205	
195	1.463376e-04	3.230935e-04	4.018980e-05	5	196	295	194	185	95	0	0	413	414	411	395	206	
196	1.817056e-04	3.230935e-04	4.018980e-05	3	195	186	96	0	0	413	398	208	
197	2.170735e-04	3.230935e-04	4.018980e-05	2	198	187	0	0	415	400	
198	2.524415e-04	3.230935e-04	4.018980e-05	2	197	98	0	0	415	211	
199	2.878094e-04	3.230935e-04	4.018980e-05	3	299	189	99	0	0	416	403	213	
200	3.231774e-04	3.230935e-04	4.018980e-05	1	0	0	1	417	
201	4.865774e-06	4.865774e-06	7.551383e-05	4	211	301	-1	101	1	0	418	419	420	217	
202	4.023373e-05	4.865774e-06	7.551383e-05	2	203	212	0	0	421	422	
203	7.560169e-05	4.865774e-06	7.551383e-05	4	204	213	202	103	0	0	423	424	421	222	
204	1.109696e-04	4.865774e-06	7.551383e-05	4	205	214	304	203	0	0	425	426	427	423	
205	1.463376e-04	4.865774e-06	7.551383e-05	4	215	305	204	105	0	0	428	429	425	225	
206	1.817056e-04	4.865774e-06	7.551383e-05	3	207	306	106	0	0	430	431	227	
207	2.170735e-04	4.865774e-06	7.551383e-05	4	208	307	206	107	0	0	432	433	430	229	
208	2.524415e-04	4.865774e-06	7.551383e-05	4	209	218	207	108	0	0	434	435	432	232	
209	2.878094e-04	4.865774e-06	7.551383e-05	4	219	309	208	109	0	0	436	437	434	235	
210	3.231774e-04	4.865774e-06	7.551383e-05	4	0	220	310	110	0	1	438	439	440	237	
211	4.865774e-06	4.022441e-05	7.551383e-05	6	212	221	311	-1	201	111	1	0	441	442	443	444	418	239	
212	4.023373e-05	4.022441e-05	7.551383e-05	4	312	211	202	112	0	0	445	441	422	242	
213	7.560169e-05	4.022441e-05	7.551383e-05	1	203	0	0	424	
214	1.109696e-04	4.022441e-05	7.551383e-05	4	224	314	204	114	0	0	446	447	426	247	
215	1.463376e-04	4.022441e-05	7.551383e-05	5	216	225	315	205	115	0	0	448	449	450	428	249	
216	1.817056e-04	4.022441e-05	7.551383e-05	4	226	316	215	116	0	0	451	452	448	251	
217	2.170735e-04	4.022441e-05	7.551383e-05	4	218	227	317	117	0	0	453	454	455	252	
218	2.524415e-04	4.022441e-05	7.551383e-05	4	219	217	208	118	0	0	456	453	435	254	
219	2.878094e-04	4.022441e-05	7.551383e-05	6	220	229	319	218	209	119	0	0	457	458	459	456	436	255	
220	3.231774e-04	4.022441e-05	7.551383e-05	6	0	230	320	219	210	120	0	1	460	461	462	457	439	257	
221	4.865774e-06	7.558305e-05	7.551383e-05	5	222	321	-1	211	121	1	0	463	464	465	442	259	
222	4.023373e-05	7.558305e-05	7.551383e-05	5	223	232	322	221	122	0	0	466	467	468	463	262	
223	7.560169e-05	7.558305e-05	7.551383e-05	4	224	323	222	123	0	0	469	470	466	264	
224	1.109696e-04	7.558305e-05	7.551383e-05	5	225	324	223	214	124	0	0	471	472	469	446	265	
225	1.463376e-04	7.558305e-05	7.551383e-05	5	235	325	224	215	125	0	0	473	474	471	449	268	
226	1.817056e-04	7.558305e-05	7.551383e-05	4	227	326	216	126	0	0	475	476	451	270	
227	2.170735e-04	7.558305e-05	7.551383e-05	6	228	237	327	226	217	127	0	0	477	478	479	475	454	271	
228	2.524415e-04	7.558305e-05	7.551383e-05	2	229	227	0	0	480	477	
229	2.878094e-04	7.558305e-05	7.551383e-05	5	239	329	228	219	129	0	0	481	482	480	458	275	
230	3.231774e-04	7.558305e-05	7.551383e-05	3	0	330	220	0	1	483	484	461	
231	4.865774e-06	1.109417e-04	7.551383e-05	4	232	331	-1	131	1	0	485	486	487	280	
232	4.023373e-05	1.109417e-04	7.551383e-05	6	233	242	332	231	222	132	0	0	488	489	490	485	467	283	
233	7.560169e-05	1.109417e-04	7.551383e-05	4	243	333	232	133	0	0	491	492	488	286	
234	1.109696e-04	1.109417e-04	7.551383e-05	2	235	334	0	0	493	494	
235	1.463376e-04	1.109417e-04	7.551383e-05	5	236	245	234	225	135	0	0	495	496	493	473	289	
236	1.817056e-04	1.109417e-04	7.551383e-05	4	237	246	235	136	0	0	497	498	495	291	
237	2.170735e-04	1.109417e-04	7.551383e-05	5	247	337	236	227	137	0	0	499	500	497	478	294	
238	2.524415e-04	1.109417e-04	7.551383e-05	4	239	248	338	138	0	0	501	502	503	296	
239	2.878094e-04	1.109417e-04	7.551383e-05	5	240	249	339	238	229	0	0	504	505	506	501	481	
240	3.231774e-04	1.109417e-04	7.551383e-05	4	0	250	340	239	0	1	507	508	509	504	
241	4.865774e-06	1.463003e-04	7.551383e-05	2	341	-1	1	0	510	511	
242	4.023373e-05	1.463003e-04	7.551383e-05	4	243	252	342	232	0	0	512	513	514	489	
243	7.560169e-05	1.463003e-04	7.551383e-05	5	253	343	242	233	143	0	0	515	516	512	491	306	
244	1.109696e-04	1.463003e-04	7.551383e-05	4	245	254	344	144	0	0	517	518	519	307	
245	1.463376e-04	1.463003e-04	7.551383e-05	6	246	255	345	244	235	145	0	0	520	521	522	517	496	310	
246	1.817056e-04	1.463003e-04	7.551383e-05	4	346	245	236	146	0	0	523	520	498	312	
247	2.170735e-04	1.463003e-04	7.551383e-05	4	248	257	237	147	0	0	524	525	499	314	
248	2.524415e-04	1.463003e-04	7.551383e-05	4	258	348	247	238	0	0	526	527	524	502	
249	2.878094e-04	1.463003e-04	7.551383e-05	4	250	259	349	239	0	0	528	529	530	505	
250	3.231774e-04	1.463003e-04	7.551383e-05	5	0	260	249	240	150	0	1	531	532	528	508	320	
251	4.865774e-06	1.816590e-04	7.551383e-05	3	252	261	-1	1	0	533	534	535	
252	4.023373e-05	1.816590e-04	7.551383e-05	5	253	352	251	242	152	0	0	536	537	533	513	326	
253	7.560169e-05	1.816590e-04	7.551383e-05	5	263	353	252	243	153	0	0	538	539	536	515	328	
254	1.109696e-04	1.816590e-04	7.551383e-05	4	255	264	354	244	0	0	540	541	542	518	
255	1.463376e-04	1.816590e-04	7.551383e-05	5	256	265	355	254	245	0	0	543	544	545	540	521	
256	1.817056e-04	1.816590e-04	7.551383e-05	2	257	255	0	0	546	543	
257	2.170735e-04	1.816590e-04	7.551383e-05	3	357	256	247	0	0	547	546	525	
258	2.524415e-04	1.816590e-04	7.551383e-05	4	259	268	358	248	0	0	548	549	550	526	
259	2.878094e-04	1.816590e-04	7.551383e-05	5	269	359	258	249	159	0	0	551	552	548	529	337	
260	3.231774e-04	1.816590e-04	7.551383e-05	4	0	270	360	250	0	1	553	554	555	532	
261	4.865774e-06	2.170176e-04	7.551383e-05	3	-1	251	161	1	0	556	534	341	
262	4.023373e-05	2.170176e-04	7.551383e-05	3	272	362	162	0	0	557	558	345	
263	7.560169e-05	2.170176e-04	7.551383e-05	4	264	273	363	253	0	0	559	560	561	538	
264	1.109696e-04	2.170176e-04	7.551383e-05	6	265	274	364	263	254	164	0	0	562	563	564	559	541	349	
265	1.463376e-04	2.170176e-04	7.551383e-05	4	266	264	255	165	0	0	565	562	544	352	
266	1.817056e-04	2.170176e-04	7.551383e-05	4	267	276	366	265	0	0	566	567	568	565	
267	2.170735e-04	2.170176e-04	7.551383e-05	4	268	277	367	266	0	0	569	570	571	566	
268	2.524415e-04	2.170176e-04	7.551383e-05	4	368	267	258	168	0	0	572	569	549	359	
269	2.878094e-04	2.170176e-04	7.551383e-05	3	279	369	259	0	0	573	574	551	
270	3.231774e-04	2.170176e-04	7.551383e-05	5	0	280	370	260	170	0	1	575	576	577	554	363	
271	4.865774e-06	2.523762e-04	7.551383e-05	3	371	-1	171	1	0	578	579	365	
272	4.023373e-05	2.523762e-04	7.551383e-05	2	273	262	0	0	580	557	
273	7.560169e-05	2.523762e-04	7.551383e-05	5	274	283	373	272	263	0	0	581	582	583	580	560	
274	1.109696e-04	2.523762e-04	7.551383e-05	4	275	374	273	264	0	0	584	585	581	563	
275	1.463376e-04	2.523762e-04	7.551383e-05	4	276	375	274	175	0	0	586	587	584	373	
276	1.817056e-04	2.523762e-04	7.551383e-05	5	277	286	376	275	266	0	0	588	589	590	586	567	
277	2.170735e-04	2.523762e-04	7.551383e-05	4	377	276	267	177	0	0	591	588	570	377	
278	2.524415e-04	2.523762e-04	7.551383e-05	2	279	378	0	0	592	593	
279	2.878094e-04	2.523762e-04	7.551383e-05	6	280	289	379	278	269	179	0	0	594	595	596	592	573	381	
280	3.231774e-04	2.523762e-04	7.551383e-05	4	0	290	279	270	0	1	597	598	594	576	
281	4.865774e-06	2.877349e-04	7.551383e-05	4	291	381	-1	181	1	0	599	600	601	385	
282	4.023373e-05	2.877349e-04	7.551383e-05	3	283	382	182	0	0	602	603	388	
283	7.560169e-05	2.877349e-04	7.551383e-05	5	284	293	383	282	273	0	0	604	605	606	602	582	
284	1.109696e-04	2.877349e-04	7.551383e-05	3	294	283	184	0	0	607	604	393	
285	1.463376e-04	2.877349e-04	7.551383e-05	4	286	295	385	185	0	0	608	609	610	396	
286	1.817056e-04	2.877349e-04	7.551383e-05	4	296	386	285	276	0	0	611	612	608	589	
287	2.170735e-04	2.877349e-04	7.551383e-05	3	288	297	387	0	0	613	614	615	
288	2.524415e-04	2.877349e-04	7.551383e-05	2	287	188	0	0	613	402	
289	2.878094e-04	2.877349e-04	7.551383e-05	4	299	389	279	189	0	0	616	617	595	404	
290	3.231774e-04	2.877349e-04	7.551383e-05	3	0	280	190	0	1	618	598	406	
291	4.865774e-06	3.230935e-04	7.551383e-05	4	391	-1	281	191	1	0	619	620	599	407	
292	4.023373e-05	3.230935e-04	7.551383e-05	2	293	392	0	0	621	622	
293	7.560169e-05	3.230935e-04	7.551383e-05	4	294	292	283	193	0	0	623	621	605	410	
294	1.109696e-04	3.230935e-04	7.551383e-05	5	295	394	293	284	194	0	0	624	625	623	607	412	
295	1.463376e-04	3.230935e-04	7.551383e-05	3	294	285	195	0	0	624	609	414	
296	1.817056e-04	3.230935e-04	7.551383e-05	3	297	396	286	0	0	626	627	611	
297	2.170735e-04	3.230935e-04	7.551383e-05	3	397	296	287	0	0	628	626	614	
298	2.524415e-04	3.230935e-04	7.551383e-05	1	299	0	0	629	
299	2.878094e-04	3.230935e-04	7.551383e-05	4	300	298	289	199	0	0	630	629	616	416	
300	3.231774e-04	3.230935e-04	7.551383e-05	2	0	299	0	1	631	630	
301	4.865774e-06	4.865774e-06	1.108379e-04	5	302	311	401	-1	201	1	0	632	633	634	635	419	
302	4.023373e-05	4.865774e-06	1.108379e-04	3	312	402	301	0	0	636	637	632	
303	7.560169e-05	4.865774e-06	1.108379e-04	2	313	403	0	0	638	639	
304	1.109696e-04	4.865774e-06	1.108379e-04	3	314	404	204	0	0	640	641	427	
305	1.463376e-04	4.865774e-06	1.108379e-04	4	306	315	405	205	0	0	642	643	644	429	
306	1.817056e-04	4.865774e-06	1.108379e-04	3	406	305	206	0	0	645	642	431	
307	2.170735e-04	4.865774e-06	1.108379e-04	2	407	207	0	0	646	433	
308	2.524415e-04	4.865774e-06	1.108379e-04	3	309	318	408	0	0	647	648	649	
309	2.878094e-04	4.865774e-06	1.108379e-04	4	310	319	308	209	0	0	650	651	647	437	
310	3.231774e-04	4.865774e-06	1.108379e-04	4	0	410	309	210	0	1	652	653	650	440	
311	4.865774e-06	4.022441e-05	1.108379e-04	5	312	321	-1	301	211	1	0	654	655	656	633	443	
312	4.023373e-05	4.022441e-05	1.108379e-04	5	313	412	311	302	212	0	0	657	658	654	636	445	
313	7.560169e-05	4.022441e-05	1.108379e-04	3	413	312	303	0	0	659	657	638	
314	1.109696e-04	4.022441e-05	1.108379e-04	4	315	324	304	214	0	0	660	661	640	447	
315	1.463376e-04	4.022441e-05	1.108379e-04	3	314	305	215	0	0	660	643	450	
316	1.817056e-04	4.022441e-05	1.108379e-04	3	317	326	216	0	0	662	663	452	
317	2.170735e-04	4.022441e-05	1.108379e-04	4	318	417	316	217	0	0	664	665	662	455	
318	2.524415e-04	4.022441e-05	1.108379e-04	5	319	328	418	317	308	0	0	666	667	668	664	648	
319	2.878094e-04	4.022441e-05	1.108379e-04	4	419	318	309	219	0	0	669	666	651	459	
320	3.231774e-04	4.022441e-05	1.108379e-04	4	0	330	420	220	0	1	670	671	672	462	
321	4.865774e-06	7.558305e-05	1.108379e-04	6	322	331	421	-1	311	221	1	0	673	674	675	676	655	464	
322	4.023373e-05	7.558305e-05	1.108379e-04	4	323	332	321	222	0	0	677	678	673	468	
323	7.560169e-05	7.558305e-05	1.108379e-04	4	333	423	322	223	0	0	679	680	677	470	
324	1.109696e-04	7.558305e-05	1.108379e-04	4	325	424	314	224	0	0	681	682	661	472	
325	1.463376e-04	7.558305e-05	1.108379e-04	4	326	425	324	225	0	0	683	684	681	474	
326	1.817056e-04	7.558305e-05	1.108379e-04	5	336	426	325	316	226	0	0	685	686	683	663	476	
327	2.170735e-04	7.558305e-05	1.108379e-04	4	328	337	427	227	0	0	687	688	689	479	
328	2.524415e-04	7.558305e-05	1.108379e-04	5	329	338	428	327	318	0	0	690	691	692	687	667	
329	2.878094e-04	7.558305e-05	1.108379e-04	4	339	429	328	229	0	0	693	694	690	482	
330	3.231774e-04	7.558305e-05	1.108379e-04	4	0	430	320	230	0	1	695	696	671	484	
331	4.865774e-06	1.109417e-04	1.108379e-04	6	332	341	431	-1	321	231	1	0	697	698	699	700	674	486	
332	4.023373e-05	1.109417e-04	1.108379e-04	5	333	432	331	322	232	0	0	701	702	697	678	490	
333	7.560169e-05	1.109417e-04	1.108379e-04	3	332	323	233	0	0	701	679	492	
334	1.109696e-04	1.109417e-04	1.108379e-04	3	335	434	234	0	0	703	704	494	
335	1.463376e-04	1.109417e-04	1.108379e-04	3	345	435	334	0	0	705	706	703	
336	1.817056e-04	1.109417e-04	1.108379e-04	2	337	326	0	0	707	685	
337	2.170735e-04	1.109417e-04	1.108379e-04	4	338	336	327	237	0	0	708	707	688	500	
338	2.524415e-04	1.109417e-04	1.108379e-04	6	339	348	438	337	328	238	0	0	709	710	711	708	691	503	
339	2.878094e-04	1.109417e-04	1.108379e-04	6	340	349	439	338	329	239	0	0	712	713	714	709	693	506	
340	3.231774e-04	1.109417e-04	1.108379e-04	4	0	350	339	240	0	1	715	716	712	509	
341	4.865774e-06	1.463003e-04	1.108379e-04	5	342	351	-1	331	241	1	0	717	718	719	698	510	
342	4.023373e-05	1.463003e-04	1.108379e-04	4	343	442	341	242	0	0	720	721	717	514	
343	7.560169e-05	1.463003e-04	1.108379e-04	5	344	353	443	342	243	0	0	722	723	724	720	516	
344	1.109696e-04	1.463003e-04	1.108379e-04	4	345	354	343	244	0	0	725	726	722	519	
345	1.463376e-04	1.463003e-04	1.108379e-04	5	355	445	344	335	245	0	0	727	728	725	705	522	
346	1.817056e-04	1.463003e-04	1.108379e-04	3	347	446	246	0	0	729	730	523	
347	2.170735e-04	1.463003e-04	1.108379e-04	4	348	357	447	346	0	0	731	732	733	729	
348	2.524415e-04	1.463003e-04	1.108379e-04	5	349	358	347	338	248	0	0	734	735	731	710	527	
349	2.878094e-04	1.463003e-04	1.108379e-04	6	350	359	449	348	339	249	0	0	736	737	738	734	713	530	
350	3.231774e-04	1.463003e-04	1.108379e-04	4	0	360	349	340	0	1	739	740	736	716	
351	4.865774e-06	1.816590e-04	1.108379e-04	4	352	451	-1	341	1	0	741	742	743	718	
352	4.023373e-05	1.816590e-04	1.108379e-04	5	353	362	452	351	252	0	0	744	745	746	741	537	
353	7.560169e-05	1.816590e-04	1.108379e-04	5	363	453	352	343	253	0	0	747	748	744	723	539	
354	1.109696e-04	1.816590e-04	1.108379e-04	4	355	454	344	254	0	0	749	750	726	542	
355	1.463376e-04	1.816590e-04	1.108379e-04	5	365	455	354	345	255	0	0	751	752	749	727	545	
356	1.817056e-04	1.816590e-04	1.108379e-04	2	357	366	0	0	753	754	
357	2.170735e-04	1.816590e-04	1.108379e-04	4	367	356	347	257	0	0	755	753	732	547	
358	2.524415e-04	1.816590e-04	1.108379e-04	4	359	458	348	258	0	0	756	757	735	550	
359	2.878094e-04	1.816590e-04	1.108379e-04	5	369	459	358	349	259	0	0	758	759	756	737	552	
360	3.231774e-04	1.816590e-04	1.108379e-04	5	0	370	460	350	260	0	1	760	761	762	740	555	
361	4.865774e-06	2.170176e-04	1.108379e-04	4	362	371	461	-1	1	0	763	764	765	766	
362	4.023373e-05	2.170176e-04	1.108379e-04	6	363	372	462	361	352	262	0	0	767	768	769	763	745	558	
363	7.560169e-05	2.170176e-04	1.108379e-04	6	364	373	463	362	353	263	0	0	770	771	772	767	747	561	
364	1.109696e-04	2.170176e-04	1.108379e-04	4	365	374	363	264	0	0	773	774	770	564	
365	1.463376e-04	2.170176e-04	1.108379e-04	3	375	364	355	0	0	775	773	751	
366	1.817056e-04	2.170176e-04	1.108379e-04	4	376	466	356	266	0	0	776	777	754	568	
367	2.170735e-04	2.170176e-04	1.108379e-04	3	467	357	267	0	0	778	755	571	
368	2.524415e-04	2.170176e-04	1.108379e-04	3	369	378	268	0	0	779	780	572	
369	2.878094e-04	2.170176e-04	1.108379e-04	4	370	368	359	269	0	0	781	779	758	574	
370	3.231774e-04	2.170176e-04	1.108379e-04	6	0	380	470	369	360	270	0	1	782	783	784	781	761	577	
371	4.865774e-06	2.523762e-04	1.108379e-04	5	372	471	-1	361	271	1	0	785	786	787	764	578	
372	4.023373e-05	2.523762e-04	1.108379e-04	3	382	371	362	0	0	788	785	768	
373	7.560169e-05	2.523762e-04	1.108379e-04	4	374	473	363	273	0	0	789	790	771	583	
374	1.109696e-04	2.523762e-04	1.108379e-04	5	384	474	373	364	274	0	0	791	792	789	774	585	
375	1.463376e-04	2.523762e-04	1.108379e-04	4	376	385	365	275	0	0	793	794	775	587	
376	1.817056e-04	2.523762e-04	1.108379e-04	5	377	386	375	366	276	0	0	795	796	793	776	590	
377	2.170735e-04	2.523762e-04	1.108379e-04	2	376	277	0	0	795	591	
378	2.524415e-04	2.523762e-04	1.108379e-04	5	379	388	478	368	278	0	0	797	798	799	780	593	
379	2.878094e-04	2.523762e-04	1.108379e-04	4	389	479	378	279	0	0	800	801	797	596	
380	3.231774e-04	2.523762e-04	1.108379e-04	3	0	480	370	0	1	802	803	783	
381	4.865774e-06	2.877349e-04	1.108379e-04	4	391	481	-1	281	1	0	804	805	806	600	
382	4.023373e-05	2.877349e-04	1.108379e-04	4	383	482	372	282	0	0	807	808	788	603	
383	7.560169e-05	2.877349e-04	1.108379e-04	3	393	382	283	0	0	809	807	606	
384	1.109696e-04	2.877349e-04	1.108379e-04	3	385	484	374	0	0	810	811	791	
385	1.463376e-04	2.877349e-04	1.108379e-04	5	386	485	384	375	285	0	0	812	813	810	794	610	
386	1.817056e-04	2.877349e-04	1.108379e-04	6	387	396	486	385	376	286	0	0	814	815	816	812	796	612	
387	2.170735e-04	2.877349e-04	1.108379e-04	3	388	386	287	0	0	817	814	615	
388	2.524415e-04	2.877349e-04	1.108379e-04	5	389	398	488	387	378	0	0	818	819	820	817	798	
389	2.878094e-04	2.877349e-04	1.108379e-04	5	390	399	388	379	289	0	0	821	822	818	800	617	
390	3.231774e-04	2.877349e-04	1.108379e-04	4	0	400	490	389	0	1	823	824	825	821	
391	4.865774e-06	3.230935e-04	1.108379e-04	5	392	491	-1	381	291	1	0	826	827	828	804	619	
392	4.023373e-05	3.230935e-04	1.108379e-04	2	391	292	0	0	826	622	
393	7.560169e-05	3.230935e-04	1.108379e-04	2	493	383	0	0	829	809	
394	1.109696e-04	3.230935e-04	1.108379e-04	2	494	294	0	0	830	625	
395	1.463376e-04	3.230935e-04	1.108379e-04	1	495	0	0	831	
396	1.817056e-04	3.230935e-04	1.108379e-04	3	397	386	296	0	0	832	815	627	
397	2.170735e-04	3.230935e-04	1.108379e-04	3	398	396	297	0	0	833	832	628	
398	2.524415e-04	3.230935e-04	1.108379e-04	4	399	498	397	388	0	0	834	835	833	819	
399	2.878094e-04	3.230935e-04	1.108379e-04	4	400	499	398	389	0	0	836	837	834	822	
400	3.231774e-04	3.230935e-04	1.108379e-04	4	0	500	399	390	0	1	838	839	836	824	
401	4.865774e-06	4.865774e-06	1.461619e-04	5	402	411	501	-1	301	1	0	840	841	842	843	634	
402	4.023373e-05	4.865774e-06	1.461619e-04	2	401	302	0	0	840	637	
403	7.560169e-05	4.865774e-06	1.461619e-04	3	413	503	303	0	0	844	845	639	
404	1.109696e-04	4.865774e-06	1.461619e-04	4	405	414	504	304	0	0	846	847	848	641	
405	1.463376e-04	4.865774e-06	1.461619e-04	5	406	415	505	404	305	0	0	849	850	851	846	644	
406	1.817056e-04	4.865774e-06	1.461619e-04	4	407	416	405	306	0	0	852	853	849	645	
407	2.170735e-04	4.865774e-06	1.461619e-04	5	408	417	507	406	307	0	0	854	855	856	852	646	
408	2.524415e-04	4.865774e-06	1.461619e-04	4	418	508	407	308	0	0	857	858	854	649	
409	2.878094e-04	4.865774e-06	1.461619e-04	3	410	419	509	0	0	859	860	861	
410	3.231774e-04	4.865774e-06	1.461619e-04	5	0	420	510	409	310	0	1	862	863	864	859	653	
411	4.865774e-06	4.022441e-05	1.461619e-04	3	412	-1	401	1	0	865	866	841	
412	4.023373e-05	4.022441e-05	1.461619e-04	5	413	422	512	411	312	0	0	867	868	869	865	658	
413	7.560169e-05	4.022441e-05	1.461619e-04	5	414	423	412	403	313	0	0	870	871	867	844	659	
414	1.109696e-04	4.022441e-05	1.461619e-04	4	424	514	413	404	0	0	872	873	870	847	
415	1.463376e-04	4.022441e-05	1.461619e-04	2	416	405	0	0	874	850	
416	1.817056e-04	4.022441e-05	1.461619e-04	5	417	426	516	415	406	0	0	875	876	877	874	853	
417	2.170735e-04	4.022441e-05	1.461619e-04	5	427	517	416	407	317	0	0	878	879	875	855	665	
418	2.524415e-04	4.022441e-05	1.461619e-04	4	419	428	408	318	0	0	880	881	857	668	
419	2.878094e-04	4.022441e-05	1.461619e-04	6	420	429	519	418	409	319	0	0	882	883	884	880	860	669	
420	3.231774e-04	4.022441e-05	1.461619e-04	6	0	430	520	419	410	320	0	1	885	886	887	882	863	672	
421	4.865774e-06	7.558305e-05	1.461619e-04	4	422	431	-1	321	1	0	888	889	890	675	
422	4.023373e-05	7.558305e-05	1.461619e-04	3	522	421	412	0	0	891	888	868	
423	7.560169e-05	7.558305e-05	1.461619e-04	3	424	413	323	0	0	892	871	680	
424	1.109696e-04	7.558305e-05	1.461619e-04	5	425	524	423	414	324	0	0	893	894	892	872	682	
425	1.463376e-04	7.558305e-05	1.461619e-04	4	426	525	424	325	0	0	895	896	893	684	
426	1.817056e-04	7.558305e-05	1.461619e-04	6	427	436	526	425	416	326	0	0	897	898	899	895	876	686	
427	2.170735e-04	7.558305e-05	1.461619e-04	6	428	437	527	426	417	327	0	0	900	901	902	897	878	689	
428	2.524415e-04	7.558305e-05	1.461619e-04	6	429	438	528	427	418	328	0	0	903	904	905	900	881	692	
429	2.878094e-04	7.558305e-05	1.461619e-04	5	430	439	428	419	329	0	0	906	907	903	883	694	
430	3.231774e-04	7.558305e-05	1.461619e-04	6	0	440	530	429	420	330	0	1	908	909	910	906	886	696	
431	4.865774e-06	1.109417e-04	1.461619e-04	6	432	441	531	-1	421	331	1	0	911	912	913	914	889	699	
432	4.023373e-05	1.109417e-04	1.461619e-04	5	433	442	532	431	332	0	0	915	916	917	911	702	
433	7.560169e-05	1.109417e-04	1.461619e-04	4	434	443	533	432	0	0	918	919	920	915	
434	1.109696e-04	1.109417e-04	1.461619e-04	3	435	433	334	0	0	921	918	704	
435	1.463376e-04	1.109417e-04	1.461619e-04	5	436	445	535	434	335	0	0	922	923	924	921	706	
436	1.817056e-04	1.109417e-04	1.461619e-04	4	437	536	435	426	0	0	925	926	922	898	
437	2.170735e-04	1.109417e-04	1.461619e-04	3	447	436	427	0	0	927	925	901	
438	2.524415e-04	1.109417e-04	1.461619e-04	4	439	538	428	338	0	0	928	929	904	711	
439	2.878094e-04	1.109417e-04	1.461619e-04	6	440	449	539	438	429	339	0	0	930	931	932	928	907	714	
440	3.231774e-04	1.109417e-04	1.461619e-04	5	0	450	540	439	430	0	1	933	934	935	930	909	
441	4.865774e-06	1.463003e-04	1.461619e-04	5	442	451	541	-1	431	1	0	936	937	938	939	912	
442	4.023373e-05	1.463003e-04	1.461619e-04	4	443	441	432	342	0	0	940	936	916	721	
443	7.560169e-05	1.463003e-04	1.461619e-04	5	453	543	442	433	343	0	0	941	942	940	919	724	
444	1.109696e-04	1.463003e-04	1.461619e-04	1	544	0	0	943	
445	1.463376e-04	1.463003e-04	1.461619e-04	2	435	345	0	0	923	728	
446	1.817056e-04	1.463003e-04	1.461619e-04	2	456	346	0	0	944	730	
447	2.170735e-04	1.463003e-04	1.461619e-04	5	448	457	547	437	347	0	0	945	946	947	927	733	
448	2.524415e-04	1.463003e-04	1.461619e-04	3	449	458	447	0	0	948	949	945	
449	2.878094e-04	1.463003e-04	1.461619e-04	6	450	459	549	448	439	349	0	0	950	951	952	948	931	738	
450	3.231774e-04	1.463003e-04	1.461619e-04	4	0	460	449	440	0	1	953	954	950	934	
451	4.865774e-06	1.816590e-04	1.461619e-04	3	-1	441	351	1	0	955	937	742	
452	4.023373e-05	1.816590e-04	1.461619e-04	2	453	352	0	0	956	746	
453	7.560169e-05	1.816590e-04	1.461619e-04	4	454	452	443	353	0	0	957	956	941	748	
454	1.109696e-04	1.816590e-04	1.461619e-04	4	455	464	453	354	0	0	958	959	957	750	
455	1.463376e-04	1.816590e-04	1.461619e-04	4	465	555	454	355	0	0	960	961	958	752	
456	1.817056e-04	1.816590e-04	1.461619e-04	2	457	446	0	0	962	944	
457	2.170735e-04	1.816590e-04	1.461619e-04	2	456	447	0	0	962	946	
458	2.524415e-04	1.816590e-04	1.461619e-04	5	459	468	558	448	358	0	0	963	964	965	949	757	
459	2.878094e-04	1.816590e-04	1.461619e-04	6	460	469	559	458	449	359	0	0	966	967	968	963	951	759	
460	3.231774e-04	1.816590e-04	1.461619e-04	6	0	470	560	459	450	360	0	1	969	970	971	966	954	762	
461	4.865774e-06	2.170176e-04	1.461619e-04	5	462	471	561	-1	361	1	0	972	973	974	975	765	
462	4.023373e-05	2.170176e-04	1.461619e-04	3	463	461	362	0	0	976	972	769	
463	7.560169e-05	2.170176e-04	1.461619e-04	5	464	473	563	462	363	0	0	977	978	979	976	772	
464	1.109696e-04	2.170176e-04	1.461619e-04	4	474	564	463	454	0	0	980	981	977	959	
465	1.463376e-04	2.170176e-04	1.461619e-04	3	466	565	455	0	0	982	983	960	
466	1.817056e-04	2.170176e-04	1.461619e-04	4	467	476	465	366	0	0	984	985	982	777	
467	2.170735e-04	2.170176e-04	1.461619e-04	5	468	477	567	466	367	0	0	986	987	988	984	778	
468	2.524415e-04	2.170176e-04	1.461619e-04	5	469	478	568	467	458	0	0	989	990	991	986	964	
469	2.878094e-04	2.170176e-04	1.461619e-04	5	470	479	569	468	459	0	0	992	993	994	989	967	
470	3.231774e-04	2.170176e-04	1.461619e-04	5	0	570	469	460	370	0	1	995	996	992	970	784	
471	4.865774e-06	2.523762e-04	1.461619e-04	3	-1	461	371	1	0	997	973	786	
472	4.023373e-05	2.523762e-04	1.461619e-04	2	473	572	0	0	998	999	
473	7.560169e-05	2.523762e-04	1.461619e-04	5	474	573	472	463	373	0	0	1000	1001	998	978	790	
474	1.109696e-04	2.523762e-04	1.461619e-04	5	475	574	473	464	374	0	0	1002	1003	1000	980	792	
475	1.463376e-04	2.523762e-04	1.461619e-04	4	476	485	575	474	0	0	1004	1005	1006	1002	
476	1.817056e-04	2.523762e-04	1.461619e-04	5	477	486	576	475	466	0	0	1007	1008	1009	1004	985	
477	2.170735e-04	2.523762e-04	1.461619e-04	4	478	577	476	467	0	0	1010	1011	1007	987	
478	2.524415e-04	2.523762e-04	1.461619e-04	5	488	578	477	468	378	0	0	1012	1013	1010	990	799	
479	2.878094e-04	2.523762e-04	1.461619e-04	4	489	579	469	379	0	0	1014	1015	993	801	
480	3.231774e-04	2.523762e-04	1.461619e-04	4	0	490	580	380	0	1	1016	1017	1018	803	
481	4.865774e-06	2.877349e-04	1.461619e-04	2	-1	381	1	0	1019	805	
482	4.023373e-05	2.877349e-04	1.461619e-04	4	483	492	582	382	0	0	1020	1021	1022	808	
483	7.560169e-05	2.877349e-04	1.461619e-04	3	484	493	482	0	0	1023	1024	1020	
484	1.109696e-04	2.877349e-04	1.461619e-04	3	494	483	384	0	0	1025	1023	811	
485	1.463376e-04	2.877349e-04	1.461619e-04	4	486	585	475	385	0	0	1026	1027	1005	813	
486	1.817056e-04	2.877349e-04	1.461619e-04	4	586	485	476	386	0	0	1028	1026	1008	816	
487	2.170735e-04	2.877349e-04	1.461619e-04	3	488	497	587	0	0	1029	1030	1031	
488	2.524415e-04	2.877349e-04	1.461619e-04	5	489	588	487	478	388	0	0	1032	1033	1029	1012	820	
489	2.878094e-04	2.877349e-04	1.461619e-04	4	490	499	488	479	0	0	1034	1035	1032	1014	
490	3.231774e-04	2.877349e-04	1.461619e-04	5	0	500	489	480	390	0	1	1036	1037	1034	1017	825	
491	4.865774e-06	3.230935e-04	1.461619e-04	4	492	591	-1	391	1	0	1038	1039	1040	827	
492	4.023373e-05	3.230935e-04	1.461619e-04	4	493	592	491	482	0	0	1041	1042	1038	1021	
493	7.560169e-05	3.230935e-04	1.461619e-04	5	494	593	492	483	393	0	0	1043	1044	1041	1024	829	
494	1.109696e-04	3.230935e-04	1.461619e-04	4	495	493	484	394	0	0	1045	1043	1025	830	
495	1.463376e-04	3.230935e-04	1.461619e-04	4	496	595	494	395	0	0	1046	1047	1045	831	
496	1.817056e-04	3.230935e-04	1.461619e-04	2	596	495	0	0	1048	1046	
497	2.170735e-04	3.230935e-04	1.461619e-04	3	498	597	487	0	0	1049	1050	1030	
498	2.524415e-04	3.230935e-04	1.461619e-04	3	499	497	398	0	0	1051	1049	835	
499	2.878094e-04	3.230935e-04	1.461619e-04	5	500	599	498	489	399	0	0	1052	1053	1051	1035	837	
500	3.231774e-04	3.230935e-04	1.461619e-04	4	0	499	490	400	0	1	1054	1052	1037	839	
501	4.865774e-06	4.865774e-06	1.814859e-04	4	511	601	-1	401	1	0	1055	1056	1057	842	
502	4.023373e-05	4.865774e-06	1.814859e-04	2	503	602	0	0	1058	1059	
503	7.560169e-05	4.865774e-06	1.814859e-04	5	504	513	603	502	403	0	0	1060	1061	1062	1058	845	
504	1.109696e-04	4.865774e-06	1.814859e-04	3	604	503	404	0	0	1063	1060	848	
505	1.463376e-04	4.865774e-06	1.814859e-04	4	506	515	605	405	0	0	1064	1065	1066	851	
506	1.817056e-04	4.865774e-06	1.814859e-04	3	507	516	505	0	0	1067	1068	1064	
507	2.170735e-04	4.865774e-06	1.814859e-04	4	508	607	506	407	0	0	1069	1070	1067	856	
508	2.524415e-04	4.865774e-06	1.814859e-04	4	509	608	507	408	0	0	1071	1072	1069	858	
509	2.878094e-04	4.865774e-06	1.814859e-04	4	510	519	508	409	0	0	1073	1074	1071	861	
510	3.231774e-04	4.865774e-06	1.814859e-04	4	0	610	509	410	0	1	1075	1076	1073	864	
511	4.865774e-06	4.022441e-05	1.814859e-04	4	512	611	-1	501	1	0	1077	1078	1079	1055	
512	4.023373e-05	4.022441e-05	1.814859e-04	5	513	522	612	511	412	0	0	1080	1081	1082	1077	869	
513	7.560169e-05	4.022441e-05	1.814859e-04	4	523	613	512	503	0	0	1083	1084	1080	1061	
514	1.109696e-04	4.022441e-05	1.814859e-04	4	515	524	614	414	0	0	1085	1086	1087	873	
515	1.463376e-04	4.022441e-05	1.814859e-04	4	525	615	514	505	0	0	1088	1089	1085	1065	
516	1.817056e-04	4.022441e-05	1.814859e-04	4	517	616	506	416	0	0	1090	1091	1068	877	
517	2.170735e-04	4.022441e-05	1.814859e-04	4	527	617	516	417	0	0	1092	1093	1090	879	
518	2.524415e-04	4.022441e-05	1.814859e-04	2	519	528	0	0	1094	1095	
519	2.878094e-04	4.022441e-05	1.814859e-04	5	529	619	518	509	419	0	0	1096	1097	1094	1074	884	
520	3.231774e-04	4.022441e-05	1.814859e-04	3	0	620	420	0	1	1098	1099	887	
521	4.865774e-06	7.558305e-05	1.814859e-04	3	531	621	-1	1	0	1100	1101	1102	
522	4.023373e-05	7.558305e-05	1.814859e-04	4	523	622	512	422	0	0	1103	1104	1081	891	
523	7.560169e-05	7.558305e-05	1.814859e-04	5	524	533	623	522	513	0	0	1105	1106	1107	1103	1083	
524	1.109696e-04	7.558305e-05	1.814859e-04	5	525	534	523	514	424	0	0	1108	1109	1105	1086	894	
525	1.463376e-04	7.558305e-05	1.814859e-04	3	524	515	425	0	0	1108	1088	896	
526	1.817056e-04	7.558305e-05	1.814859e-04	3	536	626	426	0	0	1110	1111	899	
527	2.170735e-04	7.558305e-05	1.814859e-04	4	537	627	517	427	0	0	1112	1113	1092	902	
528	2.524415e-04	7.558305e-05	1.814859e-04	4	538	628	518	428	0	0	1114	1115	1095	905	
529	2.878094e-04	7.558305e-05	1.814859e-04	3	530	629	519	0	0	1116	1117	1096	
530	3.231774e-04	7.558305e-05	1.814859e-04	5	0	540	630	529	430	0	1	1118	1119	1120	1116	910	
531	4.865774e-06	1.109417e-04	1.814859e-04	6	532	541	631	-1	521	431	1	0	1121	1122	1123	1124	1100	913	
532	4.023373e-05	1.109417e-04	1.814859e-04	4	542	632	531	432	0	0	1125	1126	1121	917	
533	7.560169e-05	1.109417e-04	1.814859e-04	4	534	633	523	433	0	0	1127	1128	1106	920	
534	1.109696e-04	1.109417e-04	1.814859e-04	5	535	544	634	533	524	0	0	1129	1130	1131	1127	1109	
535	1.463376e-04	1.109417e-04	1.814859e-04	4	536	635	534	435	0	0	1132	1133	1129	924	
536	1.817056e-04	1.109417e-04	1.814859e-04	4	546	535	526	436	0	0	1134	1132	1110	926	
537	2.170735e-04	1.109417e-04	1.814859e-04	3	538	637	527	0	0	1135	1136	1112	
538	2.524415e-04	1.109417e-04	1.814859e-04	4	548	537	528	438	0	0	1137	1135	1114	929	
539	2.878094e-04	1.109417e-04	1.814859e-04	2	540	439	0	0	1138	932	
540	3.231774e-04	1.109417e-04	1.814859e-04	6	0	550	640	539	530	440	0	1	1139	1140	1141	1138	1119	935	
541	4.865774e-06	1.463003e-04	1.814859e-04	5	542	641	-1	531	441	1	0	1142	1143	1144	1122	938	
542	4.023373e-05	1.463003e-04	1.814859e-04	5	543	552	642	541	532	0	0	1145	1146	1147	1142	1125	
543	7.560169e-05	1.463003e-04	1.814859e-04	4	544	643	542	443	0	0	1148	1149	1145	942	
544	1.109696e-04	1.463003e-04	1.814859e-04	5	545	644	543	534	444	0	0	1150	1151	1148	1130	943	
545	1.463376e-04	1.463003e-04	1.814859e-04	2	546	544	0	0	1152	1150	
546	1.817056e-04	1.463003e-04	1.814859e-04	5	547	556	646	545	536	0	0	1153	1154	1155	1152	1134	
547	2.170735e-04	1.463003e-04	1.814859e-04	4	548	647	546	447	0	0	1156	1157	1153	947	
548	2.524415e-04	1.463003e-04	1.814859e-04	4	549	648	547	538	0	0	1158	1159	1156	1137	
549	2.878094e-04	1.463003e-04	1.814859e-04	4	550	559	548	449	0	0	1160	1161	1158	952	
550	3.231774e-04	1.463003e-04	1.814859e-04	4	0	560	549	540	0	1	1162	1163	1160	1140	
551	4.865774e-06	1.816590e-04	1.814859e-04	2	561	-1	1	0	1164	1165	
552	4.023373e-05	1.816590e-04	1.814859e-04	3	553	652	542	0	0	1166	1167	1146	
553	7.560169e-05	1.816590e-04	1.814859e-04	3	554	653	552	0	0	1168	1169	1166	
554	1.109696e-04	1.816590e-04	1.814859e-04	3	555	564	553	0	0	1170	1171	1168	
555	1.463376e-04	1.816590e-04	1.814859e-04	5	556	565	655	554	455	0	0	1172	1173	1174	1170	961	
556	1.817056e-04	1.816590e-04	1.814859e-04	4	566	656	555	546	0	0	1175	1176	1172	1154	
557	2.170735e-04	1.816590e-04	1.814859e-04	1	567	0	0	1177	
558	2.524415e-04	1.816590e-04	1.814859e-04	2	559	458	0	0	1178	965	
559	2.878094e-04	1.816590e-04	1.814859e-04	4	569	558	549	459	0	0	1179	1178	1161	968	
560	3.231774e-04	1.816590e-04	1.814859e-04	4	0	570	550	460	0	1	1180	1181	1163	971	
561	4.865774e-06	2.170176e-04	1.814859e-04	5	562	571	-1	551	461	1	0	1182	1183	1184	1164	974	
562	4.023373e-05	2.170176e-04	1.814859e-04	2	662	561	0	0	1185	1182	
563	7.560169e-05	2.170176e-04	1.814859e-04	2	564	463	0	0	1186	979	
564	1.109696e-04	2.170176e-04	1.814859e-04	5	574	664	563	554	464	0	0	1187	1188	1186	1171	981	
565	1.463376e-04	2.170176e-04	1.814859e-04	3	575	555	465	0	0	1189	1173	983	
566	1.817056e-04	2.170176e-04	1.814859e-04	3	567	666	556	0	0	1190	1191	1175	
567	2.170735e-04	2.170176e-04	1.814859e-04	4	667	566	557	467	0	0	1192	1190	1177	988	
568	2.524415e-04	2.170176e-04	1.814859e-04	3	569	668	468	0	0	1193	1194	991	
569	2.878094e-04	2.170176e-04	1.814859e-04	5	579	669	568	559	469	0	0	1195	1196	1193	1179	994	
570	3.231774e-04	2.170176e-04	1.814859e-04	5	0	580	670	560	470	0	1	1197	1198	1199	1181	996	
571	4.865774e-06	2.523762e-04	1.814859e-04	5	572	581	671	-1	561	1	0	1200	1201	1202	1203	1183	
572	4.023373e-05	2.523762e-04	1.814859e-04	4	582	672	571	472	0	0	1204	1205	1200	999	
573	7.560169e-05	2.523762e-04	1.814859e-04	2	673	473	0	0	1206	1001	
574	1.109696e-04	2.523762e-04	1.814859e-04	4	584	674	564	474	0	0	1207	1208	1187	1003	
575	1.463376e-04	2.523762e-04	1.814859e-04	4	585	675	565	475	0	0	1209	1210	1189	1006	
576	1.817056e-04	2.523762e-04	1.814859e-04	4	577	586	676	476	0	0	1211	1212	1213	1009	
577	2.170735e-04	2.523762e-04	1.814859e-04	2	576	477	0	0	1211	1011	
578	2.524415e-04	2.523762e-04	1.814859e-04	2	579	478	0	0	1214	1013	
579	2.878094e-04	2.523762e-04	1.814859e-04	6	580	589	679	578	569	479	0	0	1215	1216	1217	1214	1195	1015	
580	3.231774e-04	2.523762e-04	1.814859e-04	6	0	590	680	579	570	480	0	1	1218	1219	1220	1215	1198	1018	
581	4.865774e-06	2.877349e-04	1.814859e-04	5	582	591	681	-1	571	1	0	1221	1222	1223	1224	1201	
582	4.023373e-05	2.877349e-04	1.814859e-04	6	583	592	682	581	572	482	0	0	1225	1226	1227	1221	1204	1022	
583	7.560169e-05	2.877349e-04	1.814859e-04	3	593	683	582	0	0	1228	1229	1225	
584	1.109696e-04	2.877349e-04	1.814859e-04	4	585	594	684	574	0	0	1230	1231	1232	1207	
585	1.463376e-04	2.877349e-04	1.814859e-04	5	595	685	584	575	485	0	0	1233	1234	1230	1209	1027	
586	1.817056e-04	2.877349e-04	1.814859e-04	2	576	486	0	0	1212	1028	
587	2.170735e-04	2.877349e-04	1.814859e-04	2	597	487	0	0	1235	1031	
588	2.524415e-04	2.877349e-04	1.814859e-04	3	589	598	488	0	0	1236	1237	1033	
589	2.878094e-04	2.877349e-04	1.814859e-04	4	599	689	588	579	0	0	1238	1239	1236	1216	
590	3.231774e-04	2.877349e-04	1.814859e-04	2	0	580	0	1	1240	1219	
591	4.865774e-06	3.230935e-04	1.814859e-04	4	592	-1	581	491	1	0	1241	1242	1222	1039	
592	4.023373e-05	3.230935e-04	1.814859e-04	3	591	582	492	0	0	1241	1226	1042	
593	7.560169e-05	3.230935e-04	1.814859e-04	4	594	693	583	493	0	0	1243	1244	1228	1044	
594	1.109696e-04	3.230935e-04	1.814859e-04	2	593	584	0	0	1243	1231	
595	1.463376e-04	3.230935e-04	1.814859e-04	4	596	695	585	495	0	0	1245	1246	1233	1047	
596	1.817056e-04	3.230935e-04	1.814859e-04	3	597	595	496	0	0	1247	1245	1048	
597	2.170735e-04	3.230935e-04	1.814859e-04	5	598	697	596	587	497	0	0	1248	1249	1247	1235	1050	
598	2.524415e-04	3.230935e-04	1.814859e-04	2	597	588	0	0	1248	1237	
599	2.878094e-04	3.230935e-04	1.814859e-04	4	600	699	589	499	0	0	1250	1251	1238	1053	
600	3.231774e-04	3.230935e-04	1.814859e-04	2	0	599	0	1	1252	1250	
601	4.865774e-06	4.865774e-06	2.168099e-04	4	602	611	-1	501	1	0	1253	1254	1255	1056	
602	4.023373e-05	4.865774e-06	2.168099e-04	3	612	601	502	0	0	1256	1253	1059	
603	7.560169e-05	4.865774e-06	2.168099e-04	3	604	703	503	0	0	1257	1258	1062	
604	1.109696e-04	4.865774e-06	2.168099e-04	5	605	614	704	603	504	0	0	1259	1260	1261	1257	1063	
605	1.463376e-04	4.865774e-06	2.168099e-04	4	606	705	604	505	0	0	1262	1263	1259	1066	
606	1.817056e-04	4.865774e-06	2.168099e-04	4	607	616	706	605	0	0	1264	1265	1266	1262	
607	2.170735e-04	4.865774e-06	2.168099e-04	4	617	707	606	507	0	0	1267	1268	1264	1070	
608	2.524415e-04	4.865774e-06	2.168099e-04	3	609	708	508	0	0	1269	1270	1072	
609	2.878094e-04	4.865774e-06	2.168099e-04	3	610	709	608	0	0	1271	1272	1269	
610	3.231774e-04	4.865774e-06	2.168099e-04	5	0	620	710	609	510	0	1	1273	1274	1275	1271	1076	
611	4.865774e-06	4.022441e-05	2.168099e-04	4	612	-1	601	511	1	0	1276	1277	1254	1078	
612	4.023373e-05	4.022441e-05	2.168099e-04	4	622	611	602	512	0	0	1278	1276	1256	1082	
613	7.560169e-05	4.022441e-05	2.168099e-04	3	614	623	513	0	0	1279	1280	1084	
614	1.109696e-04	4.022441e-05	2.168099e-04	5	624	714	613	604	514	0	0	1281	1282	1279	1260	1087	
615	1.463376e-04	4.022441e-05	2.168099e-04	2	715	515	0	0	1283	1089	
616	1.817056e-04	4.022441e-05	2.168099e-04	5	617	626	716	606	516	0	0	1284	1285	1286	1265	1091	
617	2.170735e-04	4.022441e-05	2.168099e-04	4	627	616	607	517	0	0	1287	1284	1267	1093	
618	2.524415e-04	4.022441e-05	2.168099e-04	2	619	628	0	0	1288	1289	
619	2.878094e-04	4.022441e-05	2.168099e-04	4	620	629	618	519	0	0	1290	1291	1288	1097	
620	3.231774e-04	4.022441e-05	2.168099e-04	5	0	720	619	610	520	0	1	1292	1293	1290	1274	1099	
621	4.865774e-06	7.558305e-05	2.168099e-04	4	631	721	-1	521	1	0	1294	1295	1296	1101	
622	4.023373e-05	7.558305e-05	2.168099e-04	3	632	612	522	0	0	1297	1278	1104	
623	7.560169e-05	7.558305e-05	2.168099e-04	4	624	723	613	523	0	0	1298	1299	1280	1107	
624	1.109696e-04	7.558305e-05	2.168099e-04	3	634	623	614	0	0	1300	1298	1281	
625	1.463376e-04	7.558305e-05	2.168099e-04	2	626	635	0	0	1301	1302	
626	1.817056e-04	7.558305e-05	2.168099e-04	6	627	636	726	625	616	526	0	0	1303	1304	1305	1301	1285	1111	
627	2.170735e-04	7.558305e-05	2.168099e-04	5	628	637	626	617	527	0	0	1306	1307	1303	1287	1113	
628	2.524415e-04	7.558305e-05	2.168099e-04	5	638	728	627	618	528	0	0	1308	1309	1306	1289	1115	
629	2.878094e-04	7.558305e-05	2.168099e-04	5	630	639	729	619	529	0	0	1310	1311	1312	1291	1117	
630	3.231774e-04	7.558305e-05	2.168099e-04	4	0	730	629	530	0	1	1313	1314	1310	1120	
631	4.865774e-06	1.109417e-04	2.168099e-04	5	632	641	-1	621	531	1	0	1315	1316	1317	1294	1123	
632	4.023373e-05	1.109417e-04	2.168099e-04	5	642	732	631	622	532	0	0	1318	1319	1315	1297	1126	
633	7.560169e-05	1.109417e-04	2.168099e-04	3	643	733	533	0	0	1320	1321	1128	
634	1.109696e-04	1.109417e-04	2.168099e-04	4	635	734	624	534	0	0	1322	1323	1300	1131	
635	1.463376e-04	1.109417e-04	2.168099e-04	5	636	735	634	625	535	0	0	1324	1325	1322	1302	1133	
636	1.817056e-04	1.109417e-04	2.168099e-04	4	646	736	635	626	0	0	1326	1327	1324	1304	
637	2.170735e-04	1.109417e-04	2.168099e-04	3	647	627	537	0	0	1328	1307	1136	
638	2.524415e-04	1.109417e-04	2.168099e-04	3	639	738	628	0	0	1329	1330	1308	
639	2.878094e-04	1.109417e-04	2.168099e-04	3	640	638	629	0	0	1331	1329	1311	
640	3.231774e-04	1.109417e-04	2.168099e-04	5	0	650	740	639	540	0	1	1332	1333	1334	1331	1141	
641	4.865774e-06	1.463003e-04	2.168099e-04	6	642	651	741	-1	631	541	1	0	1335	1336	1337	1338	1316	1143	
642	4.023373e-05	1.463003e-04	2.168099e-04	4	643	641	632	542	0	0	1339	1335	1318	1147	
643	7.560169e-05	1.463003e-04	2.168099e-04	4	743	642	633	543	0	0	1340	1339	1320	1149	
644	1.109696e-04	1.463003e-04	2.168099e-04	2	645	544	0	0	1341	1151	
645	1.463376e-04	1.463003e-04	2.168099e-04	4	646	655	745	644	0	0	1342	1343	1344	1341	
646	1.817056e-04	1.463003e-04	2.168099e-04	5	647	746	645	636	546	0	0	1345	1346	1342	1326	1155	
647	2.170735e-04	1.463003e-04	2.168099e-04	5	648	747	646	637	547	0	0	1347	1348	1345	1328	1157	
648	2.524415e-04	1.463003e-04	2.168099e-04	4	658	748	647	548	0	0	1349	1350	1347	1159	
649	2.878094e-04	1.463003e-04	2.168099e-04	3	650	659	749	0	0	1351	1352	1353	
650	3.231774e-04	1.463003e-04	2.168099e-04	3	0	649	640	0	1	1354	1351	1333	
651	4.865774e-06	1.816590e-04	2.168099e-04	3	652	-1	641	1	0	1355	1356	1336	
652	4.023373e-05	1.816590e-04	2.168099e-04	4	653	752	651	552	0	0	1357	1358	1355	1167	
653	7.560169e-05	1.816590e-04	2.168099e-04	4	654	663	652	553	0	0	1359	1360	1357	1169	
654	1.109696e-04	1.816590e-04	2.168099e-04	3	655	664	653	0	0	1361	1362	1359	
655	1.463376e-04	1.816590e-04	2.168099e-04	6	656	665	755	654	645	555	0	0	1363	1364	1365	1361	1343	1174	
656	1.817056e-04	1.816590e-04	2.168099e-04	5	657	666	756	655	556	0	0	1366	1367	1368	1363	1176	
657	2.170735e-04	1.816590e-04	2.168099e-04	2	757	656	0	0	1369	1366	
658	2.524415e-04	1.816590e-04	2.168099e-04	2	659	648	0	0	1370	1349	
659	2.878094e-04	1.816590e-04	2.168099e-04	3	660	658	649	0	0	1371	1370	1352	
660	3.231774e-04	1.816590e-04	2.168099e-04	4	0	670	760	659	0	1	1372	1373	1374	1371	
661	4.865774e-06	2.170176e-04	2.168099e-04	3	662	761	-1	1	0	1375	1376	1377	
662	4.023373e-05	2.170176e-04	2.168099e-04	4	672	762	661	562	0	0	1378	1379	1375	1185	
663	7.560169e-05	2.170176e-04	2.168099e-04	3	673	763	653	0	0	1380	1381	1360	
664	1.109696e-04	2.170176e-04	2.168099e-04	4	674	764	654	564	0	0	1382	1383	1362	1188	
665	1.463376e-04	2.170176e-04	2.168099e-04	4	666	675	765	655	0	0	1384	1385	1386	1364	
666	1.817056e-04	2.170176e-04	2.168099e-04	4	667	665	656	566	0	0	1387	1384	1367	1191	
667	2.170735e-04	2.170176e-04	2.168099e-04	3	677	666	567	0	0	1388	1387	1192	
668	2.524415e-04	2.170176e-04	2.168099e-04	3	669	768	568	0	0	1389	1390	1194	
669	2.878094e-04	2.170176e-04	2.168099e-04	5	670	679	769	668	569	0	0	1391	1392	1393	1389	1196	
670	3.231774e-04	2.170176e-04	2.168099e-04	5	0	770	669	660	570	0	1	1394	1395	1391	1373	1199	
671	4.865774e-06	2.523762e-04	2.168099e-04	5	672	681	771	-1	571	1	0	1396	1397	1398	1399	1202	
672	4.023373e-05	2.523762e-04	2.168099e-04	5	673	682	671	662	572	0	0	1400	1401	1396	1378	1205	
673	7.560169e-05	2.523762e-04	2.168099e-04	5	674	773	672	663	573	0	0	1402	1403	1400	1380	1206	
674	1.109696e-04	2.523762e-04	2.168099e-04	4	774	673	664	574	0	0	1404	1402	1382	1208	
675	1.463376e-04	2.523762e-04	2.168099e-04	5	676	685	775	665	575	0	0	1405	1406	1407	1385	1210	
676	1.817056e-04	2.523762e-04	2.168099e-04	4	677	686	675	576	0	0	1408	1409	1405	1213	
677	2.170735e-04	2.523762e-04	2.168099e-04	3	777	676	667	0	0	1410	1408	1388	
678	2.524415e-04	2.523762e-04	2.168099e-04	3	679	688	778	0	0	1411	1412	1413	
679	2.878094e-04	2.523762e-04	2.168099e-04	4	680	678	669	579	0	0	1414	1411	1392	1217	
680	3.231774e-04	2.523762e-04	2.168099e-04	4	0	690	679	580	0	1	1415	1416	1414	1220	
681	4.865774e-06	2.877349e-04	2.168099e-04	5	682	781	-1	671	581	1	0	1417	1418	1419	1397	1223	
682	4.023373e-05	2.877349e-04	2.168099e-04	5	683	782	681	672	582	0	0	1420	1421	1417	1401	1227	
683	7.560169e-05	2.877349e-04	2.168099e-04	5	684	693	783	682	583	0	0	1422	1423	1424	1420	1229	
684	1.109696e-04	2.877349e-04	2.168099e-04	5	685	694	784	683	584	0	0	1425	1426	1427	1422	1232	
685	1.463376e-04	2.877349e-04	2.168099e-04	5	686	785	684	675	585	0	0	1428	1429	1425	1406	1234	
686	1.817056e-04	2.877349e-04	2.168099e-04	3	786	685	676	0	0	1430	1428	1409	
687	2.170735e-04	2.877349e-04	2.168099e-04	3	688	697	787	0	0	1431	1432	1433	
688	2.524415e-04	2.877349e-04	2.168099e-04	4	698	788	687	678	0	0	1434	1435	1431	1412	
689	2.878094e-04	2.877349e-04	2.168099e-04	4	690	699	789	589	0	0	1436	1437	1438	1239	
690	3.231774e-04	2.877349e-04	2.168099e-04	5	0	700	790	689	680	0	1	1439	1440	1441	1436	1416	
691	4.865774e-06	3.230935e-04	2.168099e-04	3	692	791	-1	1	0	1442	1443	1444	
692	4.023373e-05	3.230935e-04	2.168099e-04	3	693	792	691	0	0	1445	1446	1442	
693	7.560169e-05	3.230935e-04	2.168099e-04	4	793	692	683	593	0	0	1447	1445	1423	1244	
694	1.109696e-04	3.230935e-04	2.168099e-04	2	695	684	0	0	1448	1426	
695	1.463376e-04	3.230935e-04	2.168099e-04	3	795	694	595	0	0	1449	1448	1246	
696	1.817056e-04	3.230935e-04	2.168099e-04	2	697	796	0	0	1450	1451	
697	2.170735e-04	3.230935e-04	2.168099e-04	3	696	687	597	0	0	1450	1432	1249	
698	2.524415e-04	3.230935e-04	2.168099e-04	2	699	688	0	0	1452	1434	
699	2.878094e-04	3.230935e-04	2.168099e-04	4	700	698	689	599	0	0	1453	1452	1437	1251	
700	3.231774e-04	3.230935e-04	2.168099e-04	4	0	800	699	690	0	1	1454	1455	1453	1440	
701	4.865774e-06	4.865774e-06	2.521340e-04	3	702	801	-1	1	0	1456	1457	1458	
702	4.023373e-05	4.865774e-06	2.521340e-04	2	712	701	0	0	1459	1456	
703	7.560169e-05	4.865774e-06	2.521340e-04	1	603	0	0	1258	
704	1.109696e-04	4.865774e-06	2.521340e-04	4	705	714	804	604	0	0	1460	1461	1462	1261	
705	1.463376e-04	4.865774e-06	2.521340e-04	4	706	805	704	605	0	0	1463	1464	1460	1263	
706	1.817056e-04	4.865774e-06	2.521340e-04	5	707	716	806	705	606	0	0	1465	1466	1467	1463	1266	
707	2.170735e-04	4.865774e-06	2.521340e-04	5	708	717	807	706	607	0	0	1468	1469	1470	1465	1268	
708	2.524415e-04	4.865774e-06	2.521340e-04	5	709	718	808	707	608	0	0	1471	1472	1473	1468	1270	
709	2.878094e-04	4.865774e-06	2.521340e-04	4	710	809	708	609	0	0	1474	1475	1471	1272	
710	3.231774e-04	4.865774e-06	2.521340e-04	3	0	709	610	0	1	1476	1474	1275	
711	4.865774e-06	4.022441e-05	2.521340e-04	2	721	-1	1	0	1477	1478	
712	4.023373e-05	4.022441e-05	2.521340e-04	3	722	812	702	0	0	1479	1480	1459	
713	7.560169e-05	4.022441e-05	2.521340e-04	2	714	813	0	0	1481	1482	
714	1.109696e-04	4.022441e-05	2.521340e-04	5	715	814	713	704	614	0	0	1483	1484	1481	1461	1282	
715	1.463376e-04	4.022441e-05	2.521340e-04	4	725	815	714	615	0	0	1485	1486	1483	1283	
716	1.817056e-04	4.022441e-05	2.521340e-04	5	717	726	816	706	616	0	0	1487	1488	1489	1466	1286	
717	2.170735e-04	4.022441e-05	2.521340e-04	4	727	817	716	707	0	0	1490	1491	1487	1469	
718	2.524415e-04	4.022441e-05	2.521340e-04	3	719	818	708	0	0	1492	1493	1472	
719	2.878094e-04	4.022441e-05	2.521340e-04	3	720	729	718	0	0	1494	1495	1492	
720	3.231774e-04	4.022441e-05	2.521340e-04	4	0	820	719	620	0	1	1496	1497	1494	1293	
721	4.865774e-06	7.558305e-05	2.521340e-04	3	-1	711	621	1	0	1498	1477	1295	
722	4.023373e-05	7.558305e-05	2.521340e-04	4	723	732	822	712	0	0	1499	1500	1501	1479	
723	7.560169e-05	7.558305e-05	2.521340e-04	3	724	722	623	0	0	1502	1499	1299	
724	1.109696e-04	7.558305e-05	2.521340e-04	4	725	734	824	723	0	0	1503	1504	1505	1502	
725	1.463376e-04	7.558305e-05	2.521340e-04	3	726	724	715	0	0	1506	1503	1485	
726	1.817056e-04	7.558305e-05	2.521340e-04	4	736	725	716	626	0	0	1507	1506	1488	1305	
727	2.170735e-04	7.558305e-05	2.521340e-04	3	728	737	717	0	0	1508	1509	1490	
728	2.524415e-04	7.558305e-05	2.521340e-04	5	729	738	828	727	628	0	0	1510	1511	1512	1508	1309	
729	2.878094e-04	7.558305e-05	2.521340e-04	5	739	829	728	719	629	0	0	1513	1514	1510	1495	1312	
730	3.231774e-04	7.558305e-05	2.521340e-04	4	0	740	830	630	0	1	1515	1516	1517	1314	
731	4.865774e-06	1.109417e-04	2.521340e-04	2	831	-1	1	0	1518	1519	
732	4.023373e-05	1.109417e-04	2.521340e-04	4	733	832	722	632	0	0	1520	1521	1500	1319	
733	7.560169e-05	1.109417e-04	2.521340e-04	4	734	833	732	633	0	0	1522	1523	1520	1321	
734	1.109696e-04	1.109417e-04	2.521340e-04	6	735	744	834	733	724	634	0	0	1524	1525	1526	1522	1504	1323	
735	1.463376e-04	1.109417e-04	2.521340e-04	4	736	835	734	635	0	0	1527	1528	1524	1325	
736	1.817056e-04	1.109417e-04	2.521340e-04	5	737	746	735	726	636	0	0	1529	1530	1527	1507	1327	
737	2.170735e-04	1.109417e-04	2.521340e-04	5	738	747	837	736	727	0	0	1531	1532	1533	1529	1509	
738	2.524415e-04	1.109417e-04	2.521340e-04	4	739	737	728	638	0	0	1534	1531	1511	1330	
739	2.878094e-04	1.109417e-04	2.521340e-04	5	740	749	839	738	729	0	0	1535	1536	1537	1534	1513	
740	3.231774e-04	1.109417e-04	2.521340e-04	6	0	750	840	739	730	640	0	1	1538	1539	1540	1535	1516	1334	
741	4.865774e-06	1.463003e-04	2.521340e-04	4	751	841	-1	641	1	0	1541	1542	1543	1337	
742	4.023373e-05	1.463003e-04	2.521340e-04	3	743	752	842	0	0	1544	1545	1546	
743	7.560169e-05	1.463003e-04	2.521340e-04	4	744	843	742	643	0	0	1547	1548	1544	1340	
744	1.109696e-04	1.463003e-04	2.521340e-04	5	745	754	844	743	734	0	0	1549	1550	1551	1547	1525	
745	1.463376e-04	1.463003e-04	2.521340e-04	5	746	755	845	744	645	0	0	1552	1553	1554	1549	1344	
746	1.817056e-04	1.463003e-04	2.521340e-04	4	756	745	736	646	0	0	1555	1552	1530	1346	
747	2.170735e-04	1.463003e-04	2.521340e-04	3	757	737	647	0	0	1556	1532	1348	
748	2.524415e-04	1.463003e-04	2.521340e-04	4	749	758	848	648	0	0	1557	1558	1559	1350	
749	2.878094e-04	1.463003e-04	2.521340e-04	4	849	748	739	649	0	0	1560	1557	1536	1353	
750	3.231774e-04	1.463003e-04	2.521340e-04	3	0	760	740	0	1	1561	1562	1539	
751	4.865774e-06	1.816590e-04	2.521340e-04	3	761	-1	741	1	0	1563	1564	1541	
752	4.023373e-05	1.816590e-04	2.521340e-04	2	742	652	0	0	1545	1358	
753	7.560169e-05	1.816590e-04	2.521340e-04	3	754	763	853	0	0	1565	1566	1567	
754	1.109696e-04	1.816590e-04	2.521340e-04	2	753	744	0	0	1565	1550	
755	1.463376e-04	1.816590e-04	2.521340e-04	5	756	765	855	745	655	0	0	1568	1569	1570	1553	1365	
756	1.817056e-04	1.816590e-04	2.521340e-04	6	757	766	856	755	746	656	0	0	1571	1572	1573	1568	1555	1368	
757	2.170735e-04	1.816590e-04	2.521340e-04	5	758	857	756	747	657	0	0	1574	1575	1571	1556	1369	
758	2.524415e-04	1.816590e-04	2.521340e-04	3	858	757	748	0	0	1576	1574	1558	
759	2.878094e-04	1.816590e-04	2.521340e-04	1	859	0	0	1577	
760	3.231774e-04	1.816590e-04	2.521340e-04	5	0	770	860	750	660	0	1	1578	1579	1580	1562	1374	
761	4.865774e-06	2.170176e-04	2.521340e-04	5	771	861	-1	751	661	1	0	1581	1582	1583	1563	1376	
762	4.023373e-05	2.170176e-04	2.521340e-04	4	763	772	862	662	0	0	1584	1585	1586	1379	
763	7.560169e-05	2.170176e-04	2.521340e-04	4	863	762	753	663	0	0	1587	1584	1566	1381	
764	1.109696e-04	2.170176e-04	2.521340e-04	3	765	774	664	0	0	1588	1589	1383	
765	1.463376e-04	2.170176e-04	2.521340e-04	5	775	865	764	755	665	0	0	1590	1591	1588	1569	1386	
766	1.817056e-04	2.170176e-04	2.521340e-04	4	767	776	866	756	0	0	1592	1593	1594	1572	
767	2.170735e-04	2.170176e-04	2.521340e-04	3	768	867	766	0	0	1595	1596	1592	
768	2.524415e-04	2.170176e-04	2.521340e-04	3	778	767	668	0	0	1597	1595	1390	
769	2.878094e-04	2.170176e-04	2.521340e-04	4	770	779	869	669	0	0	1598	1599	1600	1393	
770	3.231774e-04	2.170176e-04	2.521340e-04	6	0	780	870	769	760	670	0	1	1601	1602	1603	1598	1579	1395	
771	4.865774e-06	2.523762e-04	2.521340e-04	5	772	781	-1	761	671	1	0	1604	1605	1606	1581	1398	
772	4.023373e-05	2.523762e-04	2.521340e-04	2	771	762	0	0	1604	1585	
773	7.560169e-05	2.523762e-04	2.521340e-04	3	783	873	673	0	0	1607	1608	1403	
774	1.109696e-04	2.523762e-04	2.521340e-04	4	775	874	764	674	0	0	1609	1610	1589	1404	
775	1.463376e-04	2.523762e-04	2.521340e-04	5	785	875	774	765	675	0	0	1611	1612	1609	1590	1407	
776	1.817056e-04	2.523762e-04	2.521340e-04	3	777	786	766	0	0	1613	1614	1593	
777	2.170735e-04	2.523762e-04	2.521340e-04	5	778	787	877	776	677	0	0	1615	1616	1617	1613	1410	
778	2.524415e-04	2.523762e-04	2.521340e-04	5	788	878	777	768	678	0	0	1618	1619	1615	1597	1413	
779	2.878094e-04	2.523762e-04	2.521340e-04	4	780	789	879	769	0	0	1620	1621	1622	1599	
780	3.231774e-04	2.523762e-04	2.521340e-04	3	0	779	770	0	1	1623	1620	1602	
781	4.865774e-06	2.877349e-04	2.521340e-04	5	782	881	-1	771	681	1	0	1624	1625	1626	1605	1418	
782	4.023373e-05	2.877349e-04	2.521340e-04	5	783	792	882	781	682	0	0	1627	1628	1629	1624	1421	
783	7.560169e-05	2.877349e-04	2.521340e-04	4	793	782	773	683	0	0	1630	1627	1607	1424	
784	1.109696e-04	2.877349e-04	2.521340e-04	2	794	684	0	0	1631	1427	
785	1.463376e-04	2.877349e-04	2.521340e-04	4	795	885	775	685	0	0	1632	1633	1611	1429	
786	1.817056e-04	2.877349e-04	2.521340e-04	4	787	886	776	686	0	0	1634	1635	1614	1430	
787	2.170735e-04	2.877349e-04	2.521340e-04	4	797	786	777	687	0	0	1636	1634	1616	1433	
788	2.524415e-04	2.877349e-04	2.521340e-04	5	789	798	888	778	688	0	0	1637	1638	1639	1618	1435	
789	2.878094e-04	2.877349e-04	2.521340e-04	5	790	889	788	779	689	0	0	1640	1641	1637	1621	1438	
790	3.231774e-04	2.877349e-04	2.521340e-04	5	0	800	890	789	690	0	1	1642	1643	1644	1640	1441	
791	4.865774e-06	3.230935e-04	2.521340e-04	3	891	-1	691	1	0	1645	1646	1443	
792	4.023373e-05	3.230935e-04	2.521340e-04	4	793	892	782	692	0	0	1647	1648	1628	1446	
793	7.560169e-05	3.230935e-04	2.521340e-04	3	792	783	693	0	0	1647	1630	1447	
794	1.109696e-04	3.230935e-04	2.521340e-04	3	795	894	784	0	0	1649	1650	1631	
795	1.463376e-04	3.230935e-04	2.521340e-04	5	796	895	794	785	695	0	0	1651	1652	1649	1632	1449	
796	1.817056e-04	3.230935e-04	2.521340e-04	4	797	896	795	696	0	0	1653	1654	1651	1451	
797	2.170735e-04	3.230935e-04	2.521340e-04	3	897	796	787	0	0	1655	1653	1636	
798	2.524415e-04	3.230935e-04	2.521340e-04	2	799	788	0	0	1656	1638	
799	2.878094e-04	3.230935e-04	2.521340e-04	3	800	899	798	0	0	1657	1658	1656	
800	3.231774e-04	3.230935e-04	2.521340e-04	4	0	799	790	700	0	1	1659	1657	1643	1455	
801	4.865774e-06	4.865774e-06	2.874580e-04	4	802	811	-1	701	1	0	1660	1661	1662	1457	
802	4.023373e-05	4.865774e-06	2.874580e-04	3	803	812	801	0	0	1663	1664	1660	
803	7.560169e-05	4.865774e-06	2.874580e-04	4	804	813	903	802	0	0	1665	1666	1667	1663	
804	1.109696e-04	4.865774e-06	2.874580e-04	4	814	904	803	704	0	0	1668	1669	1665	1462	
805	1.463376e-04	4.865774e-06	2.874580e-04	3	806	905	705	0	0	1670	1671	1464	
806	1.817056e-04	4.865774e-06	2.874580e-04	3	807	805	706	0	0	1672	1670	1467	
807	2.170735e-04	4.865774e-06	2.874580e-04	3	817	806	707	0	0	1673	1672	1470	
808	2.524415e-04	4.865774e-06	2.874580e-04	2	818	708	0	0	1674	1473	
809	2.878094e-04	4.865774e-06	2.874580e-04	4	810	819	909	709	0	0	1675	1676	1677	1475	
810	3.231774e-04	4.865774e-06	2.874580e-04	4	0	820	910	809	0	1	1678	1679	1680	1675	
811	4.865774e-06	4.022441e-05	2.874580e-04	4	821	911	-1	801	1	0	1681	1682	1683	1661	
812	4.023373e-05	4.022441e-05	2.874580e-04	3	912	802	712	0	0	1684	1664	1480	
813	7.560169e-05	4.022441e-05	2.874580e-04	2	803	713	0	0	1666	1482	
814	1.109696e-04	4.022441e-05	2.874580e-04	5	815	824	914	804	714	0	0	1685	1686	1687	1668	1484	
815	1.463376e-04	4.022441e-05	2.874580e-04	3	825	814	715	0	0	1688	1685	1486	
816	1.817056e-04	4.022441e-05	2.874580e-04	3	817	916	716	0	0	1689	1690	1489	
817	2.170735e-04	4.022441e-05	2.874580e-04	4	827	816	807	717	0	0	1691	1689	1673	1491	
818	2.524415e-04	4.022441e-05	2.874580e-04	5	819	828	918	808	718	0	0	1692	1693	1694	1674	1493	
819	2.878094e-04	4.022441e-05	2.874580e-04	3	820	818	809	0	0	1695	1692	1676	
820	3.231774e-04	4.022441e-05	2.874580e-04	6	0	830	920	819	810	720	0	1	1696	1697	1698	1695	1679	1497	
821	4.865774e-06	7.558305e-05	2.874580e-04	4	822	921	-1	811	1	0	1699	1700	1701	1681	
822	4.023373e-05	7.558305e-05	2.874580e-04	5	823	832	922	821	722	0	0	1702	1703	1704	1699	1501	
823	7.560169e-05	7.558305e-05	2.874580e-04	3	833	923	822	0	0	1705	1706	1702	
824	1.109696e-04	7.558305e-05	2.874580e-04	5	825	834	924	814	724	0	0	1707	1708	1709	1686	1505	
825	1.463376e-04	7.558305e-05	2.874580e-04	4	835	925	824	815	0	0	1710	1711	1707	1688	
826	1.817056e-04	7.558305e-05	2.874580e-04	2	827	836	0	0	1712	1713	
827	2.170735e-04	7.558305e-05	2.874580e-04	4	837	927	826	817	0	0	1714	1715	1712	1691	
828	2.524415e-04	7.558305e-05	2.874580e-04	3	838	818	728	0	0	1716	1693	1512	
829	2.878094e-04	7.558305e-05	2.874580e-04	4	830	839	929	729	0	0	1717	1718	1719	1514	
830	3.231774e-04	7.558305e-05	2.874580e-04	6	0	840	930	829	820	730	0	1	1720	1721	1722	1717	1697	1517	
831	4.865774e-06	1.109417e-04	2.874580e-04	3	832	-1	731	1	0	1723	1724	1518	
832	4.023373e-05	1.109417e-04	2.874580e-04	5	833	842	831	822	732	0	0	1725	1726	1723	1703	1521	
833	7.560169e-05	1.109417e-04	2.874580e-04	4	834	832	823	733	0	0	1727	1725	1705	1523	
834	1.109696e-04	1.109417e-04	2.874580e-04	4	835	833	824	734	0	0	1728	1727	1708	1526	
835	1.463376e-04	1.109417e-04	2.874580e-04	4	935	834	825	735	0	0	1729	1728	1710	1528	
836	1.817056e-04	1.109417e-04	2.874580e-04	4	837	846	936	826	0	0	1730	1731	1732	1713	
837	2.170735e-04	1.109417e-04	2.874580e-04	3	836	827	737	0	0	1730	1714	1533	
838	2.524415e-04	1.109417e-04	2.874580e-04	3	839	938	828	0	0	1733	1734	1716	
839	2.878094e-04	1.109417e-04	2.874580e-04	6	840	849	939	838	829	739	0	0	1735	1736	1737	1733	1718	1537	
840	3.231774e-04	1.109417e-04	2.874580e-04	4	0	839	830	740	0	1	1738	1735	1721	1540	
841	4.865774e-06	1.463003e-04	2.874580e-04	5	842	851	941	-1	741	1	0	1739	1740	1741	1742	1542	
842	4.023373e-05	1.463003e-04	2.874580e-04	5	843	852	841	832	742	0	0	1743	1744	1739	1726	1546	
843	7.560169e-05	1.463003e-04	2.874580e-04	4	844	853	842	743	0	0	1745	1746	1743	1548	
844	1.109696e-04	1.463003e-04	2.874580e-04	5	845	854	944	843	744	0	0	1747	1748	1749	1745	1551	
845	1.463376e-04	1.463003e-04	2.874580e-04	4	855	945	844	745	0	0	1750	1751	1747	1554	
846	1.817056e-04	1.463003e-04	2.874580e-04	4	847	856	946	836	0	0	1752	1753	1754	1731	
847	2.170735e-04	1.463003e-04	2.874580e-04	3	848	857	846	0	0	1755	1756	1752	
848	2.524415e-04	1.463003e-04	2.874580e-04	4	849	858	847	748	0	0	1757	1758	1755	1559	
849	2.878094e-04	1.463003e-04	2.874580e-04	4	850	848	839	749	0	0	1759	1757	1736	1560	
850	3.231774e-04	1.463003e-04	2.874580e-04	3	0	950	849	0	1	1760	1761	1759	
851	4.865774e-06	1.816590e-04	2.874580e-04	3	852	-1	841	1	0	1762	1763	1740	
852	4.023373e-05	1.816590e-04	2.874580e-04	5	853	862	952	851	842	0	0	1764	1765	1766	1762	1744	
853	7.560169e-05	1.816590e-04	2.874580e-04	6	854	863	953	852	843	753	0	0	1767	1768	1769	1764	1746	1567	
854	1.109696e-04	1.816590e-04	2.874580e-04	4	855	954	853	844	0	0	1770	1771	1767	1748	
855	1.463376e-04	1.816590e-04	2.874580e-04	4	865	854	845	755	0	0	1772	1770	1750	1570	
856	1.817056e-04	1.816590e-04	2.874580e-04	5	857	866	956	846	756	0	0	1773	1774	1775	1753	1573	
857	2.170735e-04	1.816590e-04	2.874580e-04	5	858	867	856	847	757	0	0	1776	1777	1773	1756	1575	
858	2.524415e-04	1.816590e-04	2.874580e-04	3	857	848	758	0	0	1776	1758	1576	
859	2.878094e-04	1.816590e-04	2.874580e-04	4	860	869	959	759	0	0	1778	1779	1780	1577	
860	3.231774e-04	1.816590e-04	2.874580e-04	5	0	870	960	859	760	0	1	1781	1782	1783	1778	1580	
861	4.865774e-06	2.170176e-04	2.874580e-04	5	862	871	961	-1	761	1	0	1784	1785	1786	1787	1582	
862	4.023373e-05	2.170176e-04	2.874580e-04	4	962	861	852	762	0	0	1788	1784	1765	1586	
863	7.560169e-05	2.170176e-04	2.874580e-04	4	864	873	853	763	0	0	1789	1790	1768	1587	
864	1.109696e-04	2.170176e-04	2.874580e-04	3	874	964	863	0	0	1791	1792	1789	
865	1.463376e-04	2.170176e-04	2.874580e-04	4	866	965	855	765	0	0	1793	1794	1772	1591	
866	1.817056e-04	2.170176e-04	2.874580e-04	6	867	876	966	865	856	766	0	0	1795	1796	1797	1793	1774	1594	
867	2.170735e-04	2.170176e-04	2.874580e-04	5	877	967	866	857	767	0	0	1798	1799	1795	1777	1596	
868	2.524415e-04	2.170176e-04	2.874580e-04	1	968	0	0	1800	
869	2.878094e-04	2.170176e-04	2.874580e-04	3	870	859	769	0	0	1801	1779	1600	
870	3.231774e-04	2.170176e-04	2.874580e-04	6	0	880	970	869	860	770	0	1	1802	1803	1804	1801	1782	1603	
871	4.865774e-06	2.523762e-04	2.874580e-04	4	872	971	-1	861	1	0	1805	1806	1807	1785	
872	4.023373e-05	2.523762e-04	2.874580e-04	3	873	972	871	0	0	1808	1809	1805	
873	7.560169e-05	2.523762e-04	2.874580e-04	4	874	872	863	773	0	0	1810	1808	1790	1608	
874	1.109696e-04	2.523762e-04	2.874580e-04	4	875	873	864	774	0	0	1811	1810	1791	1610	
875	1.463376e-04	2.523762e-04	2.874580e-04	4	885	975	874	775	0	0	1812	1813	1811	1612	
876	1.817056e-04	2.523762e-04	2.874580e-04	2	976	866	0	0	1814	1796	
877	2.170735e-04	2.523762e-04	2.874580e-04	3	878	867	777	0	0	1815	1798	1617	
878	2.524415e-04	2.523762e-04	2.874580e-04	3	888	877	778	0	0	1816	1815	1619	
879	2.878094e-04	2.523762e-04	2.874580e-04	3	880	979	779	0	0	1817	1818	1622	
880	3.231774e-04	2.523762e-04	2.874580e-04	4	0	890	879	870	0	1	1819	1820	1817	1803	
881	4.865774e-06	2.877349e-04	2.874580e-04	4	891	981	-1	781	1	0	1821	1822	1823	1625	
882	4.023373e-05	2.877349e-04	2.874580e-04	4	883	892	982	782	0	0	1824	1825	1826	1629	
883	7.560169e-05	2.877349e-04	2.874580e-04	4	884	893	983	882	0	0	1827	1828	1829	1824	
884	1.109696e-04	2.877349e-04	2.874580e-04	4	885	894	984	883	0	0	1830	1831	1832	1827	
885	1.463376e-04	2.877349e-04	2.874580e-04	6	886	895	985	884	875	785	0	0	1833	1834	1835	1830	1812	1633	
886	1.817056e-04	2.877349e-04	2.874580e-04	5	887	896	986	885	786	0	0	1836	1837	1838	1833	1635	
887	2.170735e-04	2.877349e-04	2.874580e-04	2	888	886	0	0	1839	1836	
888	2.524415e-04	2.877349e-04	2.874580e-04	4	889	887	878	788	0	0	1840	1839	1816	1639	
889	2.878094e-04	2.877349e-04	2.874580e-04	4	890	989	888	789	0	0	1841	1842	1840	1641	
890	3.231774e-04	2.877349e-04	2.874580e-04	5	0	900	889	880	790	0	1	1843	1844	1841	1820	1644	
891	4.865774e-06	3.230935e-04	2.874580e-04	4	892	-1	881	791	1	0	1845	1846	1821	1645	
892	4.023373e-05	3.230935e-04	2.874580e-04	5	893	992	891	882	792	0	0	1847	1848	1845	1825	1648	
893	7.560169e-05	3.230935e-04	2.874580e-04	4	894	993	892	883	0	0	1849	1850	1847	1828	
894	1.109696e-04	3.230935e-04	2.874580e-04	5	895	994	893	884	794	0	0	1851	1852	1849	1831	1650	
895	1.463376e-04	3.230935e-04	2.874580e-04	3	894	885	795	0	0	1851	1834	1652	
896	1.817056e-04	3.230935e-04	2.874580e-04	3	897	886	796	0	0	1853	1837	1654	
897	2.170735e-04	3.230935e-04	2.874580e-04	2	896	797	0	0	1853	1655	
898	2.524415e-04	3.230935e-04	2.874580e-04	2	899	998	0	0	1854	1855	
899	2.878094e-04	3.230935e-04	2.874580e-04	3	900	898	799	0	0	1856	1854	1658	
900	3.231774e-04	3.230935e-04	2.874580e-04	4	0	1000	899	890	0	1	1857	1858	1856	1844	
901	4.865774e-06	4.865774e-06	3.227820e-04	2	911	-1	1	0	1859	1860	
902	4.023373e-05	4.865774e-06	3.227820e-04	2	903	912	0	0	1861	1862	
903	7.560169e-05	4.865774e-06	3.227820e-04	4	904	913	902	803	0	0	1863	1864	1861	1667	
904	1.109696e-04	4.865774e-06	3.227820e-04	4	905	914	903	804	0	0	1865	1866	1863	1669	
905	1.463376e-04	4.865774e-06	3.227820e-04	2	904	805	0	0	1865	1671	
906	1.817056e-04	4.865774e-06	3.227820e-04	1	907	0	0	1867	
907	2.170735e-04	4.865774e-06	3.227820e-04	3	908	917	906	0	0	1868	1869	1867	
908	2.524415e-04	4.865774e-06	3.227820e-04	3	909	918	907	0	0	1870	1871	1868	
909	2.878094e-04	4.865774e-06	3.227820e-04	3	919	908	809	0	0	1872	1870	1677	
910	3.231774e-04	4.865774e-06	3.227820e-04	3	0	920	810	0	1	1873	1874	1680	
911	4.865774e-06	4.022441e-05	3.227820e-04	4	921	-1	901	811	1	0	1875	1876	1859	1682	
912	4.023373e-05	4.022441e-05	3.227820e-04	3	922	902	812	0	0	1877	1862	1684	
913	7.560169e-05	4.022441e-05	3.227820e-04	2	914	903	0	0	1878	1864	
914	1.109696e-04	4.022441e-05	3.227820e-04	5	915	924	913	904	814	0	0	1879	1880	1878	1866	1687	
915	1.463376e-04	4.022441e-05	3.227820e-04	3	916	925	914	0	0	1881	1882	1879	
916	1.817056e-04	4.022441e-05	3.227820e-04	4	917	926	915	816	0	0	1883	1884	1881	1690	
917	2.170735e-04	4.022441e-05	3.227820e-04	4	918	927	916	907	0	0	1885	1886	1883	1869	
918	2.524415e-04	4.022441e-05	3.227820e-04	4	928	917	908	818	0	0	1887	1885	1871	1694	
919	2.878094e-04	4.022441e-05	3.227820e-04	1	909	0	0	1872	
920	3.231774e-04	4.022441e-05	3.227820e-04	4	0	930	910	820	0	1	1888	1889	1874	1698	
921	4.865774e-06	7.558305e-05	3.227820e-04	5	922	931	-1	911	821	1	0	1890	1891	1892	1875	1700	
922	4.023373e-05	7.558305e-05	3.227820e-04	5	923	932	921	912	822	0	0	1893	1894	1890	1877	1704	
923	7.560169e-05	7.558305e-05	3.227820e-04	3	924	922	823	0	0	1895	1893	1706	
924	1.109696e-04	7.558305e-05	3.227820e-04	4	934	923	914	824	0	0	1896	1895	1880	1709	
925	1.463376e-04	7.558305e-05	3.227820e-04	2	915	825	0	0	1882	1711	
926	1.817056e-04	7.558305e-05	3.227820e-04	2	936	916	0	0	1897	1884	
927	2.170735e-04	7.558305e-05	3.227820e-04	4	928	937	917	827	0	0	1898	1899	1886	1715	
928	2.524415e-04	7.558305e-05	3.227820e-04	4	929	938	927	918	0	0	1900	1901	1898	1887	
929	2.878094e-04	7.558305e-05	3.227820e-04	3	930	928	829	0	0	1902	1900	1719	
930	3.231774e-04	7.558305e-05	3.227820e-04	4	0	929	920	830	0	1	1903	1902	1889	1722	
931	4.865774e-06	1.109417e-04	3.227820e-04	3	932	-1	921	1	0	1904	1905	1891	
932	4.023373e-05	1.109417e-04	3.227820e-04	2	931	922	0	0	1904	1894	
933	7.560169e-05	1.109417e-04	3.227820e-04	2	934	943	0	0	1906	1907	
934	1.109696e-04	1.109417e-04	3.227820e-04	4	935	944	933	924	0	0	1908	1909	1906	1896	
935	1.463376e-04	1.109417e-04	3.227820e-04	3	945	934	835	0	0	1910	1908	1729	
936	1.817056e-04	1.109417e-04	3.227820e-04	3	946	926	836	0	0	1911	1897	1732	
937	2.170735e-04	1.109417e-04	3.227820e-04	2	947	927	0	0	1912	1899	
938	2.524415e-04	1.109417e-04	3.227820e-04	4	939	948	928	838	0	0	1913	1914	1901	1734	
939	2.878094e-04	1.109417e-04	3.227820e-04	4	940	949	938	839	0	0	1915	1916	1913	1737	
940	3.231774e-04	1.109417e-04	3.227820e-04	2	0	939	0	1	1917	1915	
941	4.865774e-06	1.463003e-04	3.227820e-04	3	942	-1	841	1	0	1918	1919	1741	
942	4.023373e-05	1.463003e-04	3.227820e-04	2	943	941	0	0	1920	1918	
943	7.560169e-05	1.463003e-04	3.227820e-04	4	944	953	942	933	0	0	1921	1922	1920	1907	
944	1.109696e-04	1.463003e-04	3.227820e-04	4	954	943	934	844	0	0	1923	1921	1909	1749	
945	1.463376e-04	1.463003e-04	3.227820e-04	3	946	935	845	0	0	1924	1910	1751	
946	1.817056e-04	1.463003e-04	3.227820e-04	5	947	956	945	936	846	0	0	1925	1926	1924	1911	1754	
947	2.170735e-04	1.463003e-04	3.227820e-04	3	948	946	937	0	0	1927	1925	1912	
948	2.524415e-04	1.463003e-04	3.227820e-04	3	949	947	938	0	0	1928	1927	1914	
949	2.878094e-04	1.463003e-04	3.227820e-04	2	948	939	0	0	1928	1916	
950	3.231774e-04	1.463003e-04	3.227820e-04	2	0	850	0	1	1929	1761	
951	4.865774e-06	1.816590e-04	3.227820e-04	3	952	961	-1	1	0	1930	1931	1932	
952	4.023373e-05	1.816590e-04	3.227820e-04	3	962	951	852	0	0	1933	1930	1766	
953	7.560169e-05	1.816590e-04	3.227820e-04	3	954	943	853	0	0	1934	1922	1769	
954	1.109696e-04	1.816590e-04	3.227820e-04	5	955	964	953	944	854	0	0	1935	1936	1934	1923	1771	
955	1.463376e-04	1.816590e-04	3.227820e-04	2	956	954	0	0	1937	1935	
956	1.817056e-04	1.816590e-04	3.227820e-04	5	957	966	955	946	856	0	0	1938	1939	1937	1926	1775	
957	2.170735e-04	1.816590e-04	3.227820e-04	3	958	967	956	0	0	1940	1941	1938	
958	2.524415e-04	1.816590e-04	3.227820e-04	2	968	957	0	0	1942	1940	
959	2.878094e-04	1.816590e-04	3.227820e-04	2	969	859	0	0	1943	1780	
960	3.231774e-04	1.816590e-04	3.227820e-04	3	0	970	860	0	1	1944	1945	1783	
961	4.865774e-06	2.170176e-04	3.227820e-04	5	962	971	-1	951	861	1	0	1946	1947	1948	1931	1786	
962	4.023373e-05	2.170176e-04	3.227820e-04	5	963	972	961	952	862	0	0	1949	1950	1946	1933	1788	
963	7.560169e-05	2.170176e-04	3.227820e-04	3	964	973	962	0	0	1951	1952	1949	
964	1.109696e-04	2.170176e-04	3.227820e-04	5	965	974	963	954	864	0	0	1953	1954	1951	1936	1792	
965	1.463376e-04	2.170176e-04	3.227820e-04	2	964	865	0	0	1953	1794	
966	1.817056e-04	2.170176e-04	3.227820e-04	3	976	956	866	0	0	1955	1939	1797	
967	2.170735e-04	2.170176e-04	3.227820e-04	3	968	957	867	0	0	1956	1941	1799	
968	2.524415e-04	2.170176e-04	3.227820e-04	5	969	978	967	958	868	0	0	1957	1958	1956	1942	1800	
969	2.878094e-04	2.170176e-04	3.227820e-04	2	968	959	0	0	1957	1943	
970	3.231774e-04	2.170176e-04	3.227820e-04	3	0	960	870	0	1	1959	1945	1804	
971	4.865774e-06	2.523762e-04	3.227820e-04	4	972	-1	961	871	1	0	1960	1961	1947	1806	
972	4.023373e-05	2.523762e-04	3.227820e-04	4	982	971	962	872	0	0	1962	1960	1950	1809	
973	7.560169e-05	2.523762e-04	3.227820e-04	2	983	963	0	0	1963	1952	
974	1.109696e-04	2.523762e-04	3.227820e-04	3	975	984	964	0	0	1964	1965	1954	
975	1.463376e-04	2.523762e-04	3.227820e-04	4	976	985	974	875	0	0	1966	1967	1964	1813	
976	1.817056e-04	2.523762e-04	3.227820e-04	4	986	975	966	876	0	0	1968	1966	1955	1814	
977	2.170735e-04	2.523762e-04	3.227820e-04	2	978	987	0	0	1969	1970	
978	2.524415e-04	2.523762e-04	3.227820e-04	3	979	977	968	0	0	1971	1969	1958	
979	2.878094e-04	2.523762e-04	3.227820e-04	3	980	978	879	0	0	1972	1971	1818	
980	3.231774e-04	2.523762e-04	3.227820e-04	3	0	990	979	0	1	1973	1974	1972	
981	4.865774e-06	2.877349e-04	3.227820e-04	4	982	991	-1	881	1	0	1975	1976	1977	1822	
982	4.023373e-05	2.877349e-04	3.227820e-04	4	992	981	972	882	0	0	1978	1975	1962	1826	
983	7.560169e-05	2.877349e-04	3.227820e-04	3	984	973	883	0	0	1979	1963	1829	
984	1.109696e-04	2.877349e-04	3.227820e-04	5	985	994	983	974	884	0	0	1980	1981	1979	1965	1832	
985	1.463376e-04	2.877349e-04	3.227820e-04	3	984	975	885	0	0	1980	1967	1835	
986	1.817056e-04	2.877349e-04	3.227820e-04	3	996	976	886	0	0	1982	1968	1838	
987	2.170735e-04	2.877349e-04	3.227820e-04	2	988	977	0	0	1983	1970	
988	2.524415e-04	2.877349e-04	3.227820e-04	1	987	0	0	1983	
989	2.878094e-04	2.877349e-04	3.227820e-04	2	999	889	0	0	1984	1842	
990	3.231774e-04	2.877349e-04	3.227820e-04	3	0	1000	980	0	1	1985	1986	1974	
991	4.865774e-06	3.230935e-04	3.227820e-04	3	992	-1	981	1	0	1987	1988	1976	
992	4.023373e-05	3.230935e-04	3.227820e-04	3	991	982	892	0	0	1987	1978	1848	
993	7.560169e-05	3.230935e-04	3.227820e-04	2	994	893	0	0	1989	1850	
994	1.109696e-04	3.230935e-04	3.227820e-04	3	993	984	894	0	0	1989	1981	1852	
995	1.463376e-04	3.230935e-04	3.227820e-04	1	996	0	0	1990	
996	1.817056e-04	3.230935e-04	3.227820e-04	2	995	986	0	0	1990	1982	
997	2.170735e-04	3.230935e-04	3.227820e-04	1	998	0	0	1991	
998	2.524415e-04	3.230935e-04	3.227820e-04	2	997	898	0	0	1991	1855	
999	2.878094e-04	3.230935e-04	3.227820e-04	1	989	0	0	1984	
1000	3.231774e-04	3.230935e-04	3.227820e-04	3	0	990	900	0	1	1992	1986	1858	
