1	7.735015e-14	1.282923e-05	1.364931e-02	8.594461e-15
2	1.845232e-14	9.821270e-06	2.566977e-02	2.050258e-15
3	1.872438e-13	1.586934e-05	1.067184e-02	2.080487e-14
4	1.570953e-14	1.065206e-05	3.846874e-02	1.745503e-15
5	1.070109e-14	9.310366e-06	3.770876e-02	1.189010e-15
6	4.824203e-14	1.354982e-05	2.578367e-02	5.360226e-15
7	8.969373e-14	1.443360e-05	1.676223e-02	9.965970e-15
8	1.617437e-14	1.264481e-05	6.250000e-02	1.797152e-15
9	9.478674e-15	9.118437e-06	3.999296e-02	1.053186e-15
10	6.143593e-15	8.212916e-06	4.508579e-02	6.826214e-16
11	1.085832e-14	9.874104e-06	4.433026e-02	1.206480e-15
12	1.802242e-14	1.124853e-05	3.948614e-02	2.002491e-15
13	2.673011e-14	1.198322e-05	3.218769e-02	2.970012e-15
14	1.270299e-14	7.510568e-06	1.667563e-02	1.411444e-15
15	3.412760e-14	1.344201e-05	3.558414e-02	3.791956e-15
16	1.891858e-14	1.048152e-05	3.043368e-02	2.102064e-15
17	2.247780e-14	1.270170e-05	4.558289e-02	2.497533e-15
18	4.224650e-14	1.301337e-05	2.608247e-02	4.694055e-15
19	6.373402e-14	1.264089e-05	1.584646e-02	7.081558e-15
20	1.761403e-14	1.182331e-05	4.691680e-02	1.957114e-15
21	1.891963e-14	1.332317e-05	6.250000e-02	2.102182e-15
22	3.289564e-14	1.262630e-05	3.059565e-02	3.655071e-15
23	5.589948e-14	1.441954e-05	2.681740e-02	6.211054e-15
24	4.537720e-15	6.433777e-06	2.934475e-02	5.041911e-16
25	1.010562e-14	1.171641e-05	7.957747e-02	1.122847e-15
26	3.520228e-14	1.287788e-05	3.033418e-02	3.911364e-15
27	5.948165e-14	1.540837e-05	3.075087e-02	6.609072e-15
28	2.863848e-14	1.172489e-05	2.814147e-02	3.182054e-15
29	1.661205e-14	1.382763e-05	7.957747e-02	1.845784e-15
30	1.872834e-14	9.103781e-06	2.014356e-02	2.080927e-15
31	3.458537e-14	1.348302e-05	3.543557e-02	3.842819e-15
32	4.557556e-15	8.984986e-06	7.957747e-02	5.063951e-16
33	5.954666e-15	9.062663e-06	6.250000e-02	6.616296e-16
34	2.944825e-14	1.365890e-05	4.326710e-02	3.272027e-15
35	1.588462e-14	1.037759e-05	3.517890e-02	1.764957e-15
36	2.210070e-14	1.403154e-05	6.250000e-02	2.455633e-15
37	1.096284e-14	9.393351e-06	3.780147e-02	1.218093e-15
38	1.433638e-14	9.140581e-06	2.663495e-02	1.592931e-15
39	5.829993e-15	7.077117e-06	3.039983e-02	6.477770e-16
40	4.920441e-14	1.202604e-05	1.767395e-02	5.467157e-15
41	8.713413e-14	1.633981e-05	2.503356e-02	9.681570e-15
42	6.328809e-14	1.507467e-05	2.706395e-02	7.032010e-15
43	5.315345e-14	1.279036e-05	1.968281e-02	5.905939e-15
44	8.653928e-15	1.112614e-05	7.957747e-02	9.615476e-16
45	4.120189e-14	1.287910e-05	2.592443e-02	4.577988e-15
46	5.690200e-14	1.322947e-05	2.034556e-02	6.322444e-15
47	2.291955e-14	9.432398e-06	1.830755e-02	2.546617e-15
48	1.246011e-14	1.159162e-05	6.250000e-02	1.384457e-15
49	2.845412e-14	1.090251e-05	2.277215e-02	3.161568e-15
50	2.337284e-14	1.267955e-05	4.360839e-02	2.596982e-15
51	2.058060e-14	9.943628e-06	2.388618e-02	2.286733e-15
52	1.440151e-14	1.103435e-05	4.664468e-02	1.600168e-15
53	2.437168e-14	1.154479e-05	3.156767e-02	2.707964e-15
54	1.233587e-14	1.005143e-05	4.116076e-02	1.370652e-15
55	6.579490e-14	1.641277e-05	3.359878e-02	7.310544e-15
56	2.914610e-14	9.200935e-06	1.336243e-02	3.238456e-15
57	1.476597e-14	9.871311e-06	3.257111e-02	1.640664e-15
58	4.052527e-15	8.640032e-06	7.957747e-02	4.502808e-16
59	2.189814e-14	9.747279e-06	2.114526e-02	2.433126e-15
60	7.619706e-15	8.475221e-06	3.994707e-02	8.466340e-16
61	2.571014e-14	1.278873e-05	4.067690e-02	2.856682e-15
62	3.271379e-14	1.111240e-05	2.097311e-02	3.634866e-15
63	6.785201e-15	8.358255e-06	4.302829e-02	7.539113e-16
64	8.280141e-14	1.571638e-05	2.344174e-02	9.200157e-15
65	3.540370e-14	1.278427e-05	2.950864e-02	3.933745e-15
66	6.004462e-14	1.259683e-05	1.664483e-02	6.671624e-15
67	2.226795e-14	1.217720e-05	4.054452e-02	2.474217e-15
68	3.091083e-14	9.972384e-06	1.604192e-02	3.434536e-15
69	2.110827e-14	1.100350e-05	3.155803e-02	2.345364e-15
70	2.131645e-14	1.386357e-05	6.250000e-02	2.368495e-15
71	3.728101e-15	7.752931e-06	6.250000e-02	4.142334e-16
72	1.484744e-14	8.885597e-06	2.362536e-02	1.649715e-15
73	3.628511e-14	1.222247e-05	2.516047e-02	4.031679e-15
74	6.224348e-15	9.968688e-06	7.957747e-02	6.915942e-16
75	5.270461e-14	1.463649e-05	2.974623e-02	5.856067e-15
76	1.356996e-14	9.870977e-06	3.543823e-02	1.507773e-15
77	2.771529e-14	1.089825e-05	2.335185e-02	3.079476e-15
78	3.852898e-14	1.200965e-05	2.247883e-02	4.280998e-15
79	1.377069e-14	9.813431e-06	3.431444e-02	1.530076e-15
80	3.280092e-14	1.102985e-05	2.045471e-02	3.644546e-15
81	7.630154e-15	9.843460e-06	6.250000e-02	8.477949e-16
82	2.599769e-14	1.236088e-05	3.632313e-02	2.888632e-15
83	4.364802e-14	1.274096e-05	2.369253e-02	4.849780e-15
84	8.927315e-15	8.928552e-06	3.986505e-02	9.919239e-16
85	2.176988e-14	1.245514e-05	4.437716e-02	2.418876e-15
86	8.426283e-15	8.170262e-06	3.236248e-02	9.362537e-16
87	6.690079e-14	1.714028e-05	3.763503e-02	7.433421e-15
88	5.151834e-14	1.550100e-05	3.614826e-02	5.724260e-15
89	6.574149e-14	1.651138e-05	3.423582e-02	7.304610e-15
90	9.389042e-15	9.582390e-06	4.685654e-02	1.043227e-15
91	1.030417e-14	8.422204e-06	2.898906e-02	1.144908e-15
92	4.347993e-15	8.160804e-06	6.250000e-02	4.831103e-16
93	1.254808e-14	9.505920e-06	3.422750e-02	1.394231e-15
94	4.172164e-14	1.420262e-05	3.433321e-02	4.635737e-15
95	1.322214e-14	1.033955e-05	4.179976e-02	1.469127e-15
96	1.911912e-14	1.121630e-05	3.690205e-02	2.124346e-15
97	3.948047e-14	1.492608e-05	4.211386e-02	4.386719e-15
98	1.558598e-14	8.571175e-06	2.020027e-02	1.731775e-15
99	2.243670e-14	1.240792e-05	4.257042e-02	2.492966e-15
100	5.654708e-14	1.217577e-05	1.596060e-02	6.283009e-15
101	6.926413e-14	1.278045e-05	1.506954e-02	7.696015e-15
102	1.319090e-14	1.181394e-05	6.250000e-02	1.465655e-15
103	1.951885e-14	9.245455e-06	2.024420e-02	2.168761e-15
104	3.003609e-14	1.305090e-05	3.700397e-02	3.337343e-15
105	6.544300e-14	1.302734e-05	1.689174e-02	7.271444e-15
106	2.409771e-14	1.188784e-05	3.485809e-02	2.677523e-15
107	2.226014e-14	1.066730e-05	2.726500e-02	2.473349e-15
108	7.438311e-15	8.575309e-06	4.238820e-02	8.264790e-16
109	2.765404e-14	9.848480e-06	1.727106e-02	3.072671e-15
110	4.352966e-14	1.184878e-05	1.910757e-02	4.836629e-15
111	8.392007e-14	1.471382e-05	1.897930e-02	9.324452e-15
112	1.728084e-14	1.401076e-05	7.957747e-02	1.920093e-15
113	6.637296e-15	8.193291e-06	4.143372e-02	7.374773e-16
114	1.629937e-14	1.267731e-05	6.250000e-02	1.811042e-15
115	2.193416e-14	1.100848e-05	3.041101e-02	2.437128e-15
116	7.502126e-14	1.390643e-05	1.792390e-02	8.335695e-15
117	3.740067e-14	1.672103e-05	6.250000e-02	4.155630e-15
118	5.543011e-15	8.848818e-06	6.250000e-02	6.158901e-16
119	1.377083e-14	1.298953e-05	7.957747e-02	1.530092e-15
120	2.118697e-14	8.913118e-06	1.671052e-02	2.354108e-15
121	6.018089e-14	1.733642e-05	4.329024e-02	6.686766e-15
122	2.567371e-14	1.198044e-05	3.348878e-02	2.852634e-15
123	3.704746e-14	1.220274e-05	2.452359e-02	4.116384e-15
124	4.697059e-15	8.373596e-06	6.250000e-02	5.218955e-16
125	8.231220e-14	1.269819e-05	1.243745e-02	9.145800e-15
126	2.033844e-14	1.103009e-05	3.299052e-02	2.259826e-15
127	2.083719e-14	9.195434e-06	1.865724e-02	2.315244e-15
128	1.362369e-14	9.317787e-06	2.969023e-02	1.513744e-15
129	5.883554e-14	1.152443e-05	1.300733e-02	6.537282e-15
130	5.326751e-15	7.868588e-06	4.572967e-02	5.918612e-16
131	2.967643e-14	1.178367e-05	2.756769e-02	3.297382e-15
132	1.205527e-14	7.928582e-06	2.067186e-02	1.339475e-15
133	9.384248e-15	7.851709e-06	2.579070e-02	1.042694e-15
134	1.056212e-14	8.373596e-06	2.779424e-02	1.173569e-15
135	1.316694e-14	1.051473e-05	4.414477e-02	1.462993e-15
136	3.231525e-14	1.448672e-05	4.704062e-02	3.590583e-15
137	1.803322e-14	1.098937e-05	3.679725e-02	2.003691e-15
138	6.623760e-14	1.753411e-05	4.069271e-02	7.359734e-15
139	3.432170e-14	1.375736e-05	3.793208e-02	3.813523e-15
140	8.370860e-15	1.015220e-05	6.250000e-02	9.300955e-16
141	1.297363e-14	8.909374e-06	2.725525e-02	1.441514e-15
142	6.988043e-15	9.559207e-06	6.250000e-02	7.764492e-16
143	1.683202e-14	1.016729e-05	3.122117e-02	1.870225e-15
144	4.551015e-15	8.285895e-06	6.250000e-02	5.056684e-16
145	2.976963e-14	1.216678e-05	3.024988e-02	3.307736e-15
146	3.866039e-14	1.192820e-05	2.194970e-02	4.295599e-15
147	4.049108e-14	1.110347e-05	1.690389e-02	4.499008e-15
148	9.729990e-15	1.067433e-05	6.250000e-02	1.081110e-15
149	1.019157e-13	1.732438e-05	2.550949e-02	1.132396e-14
150	1.460401e-14	1.324639e-05	7.957747e-02	1.622668e-15
151	1.815546e-14	1.187707e-05	4.614135e-02	2.017274e-15
152	5.021822e-14	1.549618e-05	3.704949e-02	5.579803e-15
153	1.188491e-14	9.073391e-06	3.142556e-02	1.320546e-15
154	2.538324e-14	1.310773e-05	4.436136e-02	2.820360e-15
155	2.920093e-14	1.378254e-05	4.482922e-02	3.244547e-15
156	1.255125e-13	1.456097e-05	1.229854e-02	1.394583e-14
157	4.186457e-14	1.314846e-05	2.714862e-02	4.651619e-15
158	3.224985e-14	1.232937e-05	2.905795e-02	3.583316e-15
159	4.613273e-14	1.641553e-05	4.794305e-02	5.125859e-15
160	2.522861e-14	9.298031e-06	1.593124e-02	2.803179e-15
161	5.122874e-14	1.513584e-05	3.384356e-02	5.692082e-15
162	1.103374e-14	1.206464e-05	7.957747e-02	1.225972e-15
163	1.746599e-14	1.133134e-05	4.165056e-02	1.940665e-15
164	4.800468e-15	7.105153e-06	3.735998e-02	5.333853e-16
165	1.446256e-14	1.018762e-05	3.655469e-02	1.606951e-15
166	6.195316e-14	1.662431e-05	3.707978e-02	6.883684e-15
167	3.744855e-14	1.225432e-05	2.456988e-02	4.160950e-15
168	9.361759e-15	7.572163e-06	2.318849e-02	1.040195e-15
169	1.370415e-14	1.069058e-05	4.457806e-02	1.522684e-15
170	5.615384e-14	1.371328e-05	2.296225e-02	6.239315e-15
171	5.933309e-14	1.578104e-05	3.311921e-02	6.592565e-15
172	2.502874e-14	1.053140e-05	2.333398e-02	2.780971e-15
173	2.435728e-14	1.201535e-05	3.560825e-02	2.706364e-15
174	4.051180e-14	1.311565e-05	2.784570e-02	4.501311e-15
175	9.731225e-15	9.476537e-06	4.372718e-02	1.081247e-15
176	1.258472e-14	9.412279e-06	3.312919e-02	1.398303e-15
177	2.506451e-14	1.301707e-05	4.399974e-02	2.784946e-15
178	1.804189e-14	1.039342e-05	3.111455e-02	2.004655e-15
179	3.043014e-14	1.181249e-05	2.708259e-02	3.381127e-15
180	5.353641e-14	1.589691e-05	3.751965e-02	5.948490e-15
181	1.897154e-14	1.333534e-05	6.250000e-02	2.107949e-15
182	4.192188e-14	1.293332e-05	2.580234e-02	4.657987e-15
183	2.886839e-14	9.793113e-06	1.626708e-02	3.207599e-15
184	2.350234e-14	1.086844e-05	2.731246e-02	2.611371e-15
185	9.862632e-15	9.662976e-06	4.574144e-02	1.095848e-15
186	4.265647e-14	1.069020e-05	1.432000e-02	4.739608e-15
187	3.533554e-14	1.387527e-05	3.779922e-02	3.926171e-15
188	5.428723e-14	1.168448e-05	1.469266e-02	6.031914e-15
189	1.501782e-14	1.337034e-05	7.957747e-02	1.668646e-15
190	1.508992e-14	9.745590e-06	3.066955e-02	1.676658e-15
191	1.353095e-14	8.889931e-06	2.596193e-02	1.503438e-15
192	5.172570e-14	2.019182e-05	7.957747e-02	5.747300e-15
193	4.041921e-14	1.147561e-05	1.869429e-02	4.491023e-15
194	1.636828e-14	1.005049e-05	3.101190e-02	1.818698e-15
195	1.285901e-14	7.934853e-06	1.942581e-02	1.428779e-15
196	1.667140e-14	1.277303e-05	6.250000e-02	1.852378e-15
197	4.057832e-14	1.276606e-05	2.563575e-02	4.508703e-15
198	1.313605e-14	1.040491e-05	4.287655e-02	1.459562e-15
199	1.427354e-14	9.560370e-06	3.060994e-02	1.585948e-15
200	4.822927e-14	1.486119e-05	3.402673e-02	5.358808e-15
201	8.211537e-14	1.308728e-05	1.364878e-02	9.123930e-15
202	5.316983e-15	8.726869e-06	6.250000e-02	5.907759e-16
203	8.855841e-14	1.664474e-05	2.603583e-02	9.839823e-15
204	1.298871e-14	9.967674e-06	3.812286e-02	1.443190e-15
205	1.514870e-14	1.340906e-05	7.957747e-02	1.683189e-15
206	4.974416e-14	1.121174e-05	1.416601e-02	5.527129e-15
207	7.545282e-15	8.234108e-06	3.699511e-02	8.383646e-16
208	1.188776e-14	1.236821e-05	7.957747e-02	1.320862e-15
209	1.312440e-14	9.576874e-06	3.346278e-02	1.458266e-15
210	4.943593e-14	1.364359e-05	2.568701e-02	5.492881e-15
211	1.192206e-14	9.798090e-06	3.944962e-02	1.324673e-15
212	1.270816e-13	1.501868e-05	1.332854e-02	1.412018e-14
213	1.533705e-14	9.621477e-06	2.903711e-02	1.704117e-15
214	1.473985e-14	9.821976e-06	3.214205e-02	1.637761e-15
215	4.334847e-14	1.131268e-05	1.669909e-02	4.816497e-15
216	2.863085e-15	7.695168e-06	7.957747e-02	3.181206e-16
217	2.951966e-14	1.213913e-05	3.029854e-02	3.279963e-15
218	1.872829e-14	1.079739e-05	3.360692e-02	2.080921e-15
219	2.817069e-14	1.173086e-05	2.865245e-02	3.130076e-15
220	5.064593e-15	7.273480e-06	3.798850e-02	5.627325e-16
221	1.267318e-13	1.422076e-05	1.134626e-02	1.408131e-14
222	8.341981e-14	1.329665e-05	1.409055e-02	9.268868e-15
223	3.599552e-14	1.224389e-05	2.549647e-02	3.999502e-15
224	4.428065e-14	1.437165e-05	3.351786e-02	4.920072e-15
225	2.301030e-14	1.083026e-05	2.760349e-02	2.556700e-15
226	8.583208e-15	1.023733e-05	6.250000e-02	9.536898e-16
227	9.571005e-15	9.087964e-06	3.921139e-02	1.063445e-15
228	5.067515e-14	1.309726e-05	2.216745e-02	5.630572e-15
229	1.081103e-14	9.822096e-06	4.382434e-02	1.201226e-15
230	1.251829e-14	1.160963e-05	6.250000e-02	1.390922e-15
231	1.480764e-14	1.026299e-05	3.650105e-02	1.645293e-15
232	1.533916e-14	1.129060e-05	4.691586e-02	1.704351e-15
233	2.682786e-14	1.067654e-05	2.268172e-02	2.980873e-15
234	2.116384e-14	1.219407e-05	4.283720e-02	2.351538e-15
235	1.700203e-14	1.050455e-05	3.408803e-02	1.889114e-15
236	3.249619e-14	1.729355e-05	7.957747e-02	3.610688e-15
237	6.613466e-15	7.972380e-06	3.830935e-02	7.348296e-16
238	4.066918e-14	1.349606e-05	3.022220e-02	4.518798e-15
239	1.891056e-14	1.104688e-05	3.564381e-02	2.101174e-15
240	1.245888e-14	9.482570e-06	3.421916e-02	1.384320e-15
241	1.692505e-14	1.283749e-05	6.250000e-02	1.880561e-15
242	3.996468e-15	7.934668e-06	6.250000e-02	4.440520e-16
243	1.265145e-14	1.062438e-05	4.739590e-02	1.405717e-15
244	6.496131e-14	1.351596e-05	1.900447e-02	7.217923e-15
245	3.393391e-14	1.428000e-05	4.290631e-02	3.770434e-15
246	1.520956e-14	1.050367e-05	3.809579e-02	1.689951e-15
247	4.060828e-15	8.645927e-06	7.957747e-02	4.512031e-16
248	1.465863e-14	1.223680e-05	6.250000e-02	1.628737e-15
249	8.275526e-14	1.833197e-05	3.722217e-02	9.195029e-15
250	1.237896e-14	9.587154e-06	3.559220e-02	1.375440e-15
251	5.119022e-14	1.267566e-05	1.989273e-02	5.687803e-15
252	9.740997e-15	8.025513e-06	2.653291e-02	1.082333e-15
253	6.271709e-14	1.624732e-05	3.419237e-02	6.968566e-15
254	1.660762e-14	9.454648e-06	2.544477e-02	1.845292e-15
255	2.400955e-14	1.086558e-05	2.671436e-02	2.667728e-15
256	1.016920e-14	9.841869e-06	4.687228e-02	1.129911e-15
257	5.562994e-14	1.195706e-05	1.536507e-02	6.181104e-15
258	1.858079e-13	1.604586e-05	1.111719e-02	2.064532e-14
259	2.105483e-14	1.015010e-05	2.483299e-02	2.339426e-15
260	3.678437e-14	1.310520e-05	3.059412e-02	4.087152e-15
261	3.153589e-14	1.289533e-05	3.399869e-02	3.503988e-15
262	2.369613e-14	9.693790e-06	1.922088e-02	2.632904e-15
263	5.127663e-14	1.607376e-05	4.049511e-02	5.697403e-15
264	6.827031e-14	1.615119e-05	3.085686e-02	7.585590e-15
265	3.713584e-15	6.918374e-06	4.458501e-02	4.126204e-16
266	3.244327e-14	1.402747e-05	4.253867e-02	3.604808e-15
267	4.488424e-14	1.152829e-05	1.706756e-02	4.987137e-15
268	1.001040e-13	1.666702e-05	2.312554e-02	1.112267e-14
269	1.536618e-14	9.206098e-06	2.538814e-02	1.707354e-15
270	6.550303e-14	1.313098e-05	1.728222e-02	7.278115e-15
271	3.393093e-15	6.404350e-06	3.870788e-02	3.770103e-16
272	1.699415e-14	1.285493e-05	6.250000e-02	1.888238e-15
273	4.360404e-14	1.349709e-05	2.819445e-02	4.844894e-15
274	4.156674e-14	1.435686e-05	3.559610e-02	4.618527e-15
275	1.518330e-13	1.852632e-05	2.093975e-02	1.687033e-14
276	3.060648e-14	1.431189e-05	4.789029e-02	3.400720e-15
277	5.629007e-14	1.451278e-05	2.715125e-02	6.254452e-15
278	1.206951e-14	8.554817e-06	2.593658e-02	1.341056e-15
279	1.111016e-14	9.061881e-06	3.348920e-02	1.234462e-15
280	1.671651e-14	1.059304e-05	3.555387e-02	1.857390e-15
281	1.411926e-14	1.098990e-05	4.700455e-02	1.568806e-15
282	7.745873e-14	1.566305e-05	2.480441e-02	8.606525e-15
283	9.000792e-14	1.360800e-05	1.399820e-02	1.000088e-14
284	9.871220e-15	7.636527e-06	2.255728e-02	1.096802e-15
285	6.182443e-14	1.495299e-05	2.703923e-02	6.869381e-15
286	9.906720e-15	1.163903e-05	7.957747e-02	1.100747e-15
287	1.134376e-14	8.680793e-06	2.883308e-02	1.260418e-15
288	5.049734e-14	1.476816e-05	3.189194e-02	5.610816e-15
289	2.554217e-14	1.259590e-05	3.912004e-02	2.838019e-15
290	1.388176e-14	1.099217e-05	4.783833e-02	1.542417e-15
291	3.415567e-15	7.529930e-06	6.250000e-02	3.795075e-16
292	4.228407e-15	8.085290e-06	6.250000e-02	4.698230e-16
293	9.597607e-15	9.546794e-06	4.532938e-02	1.066401e-15
294	2.548586e-14	1.302777e-05	4.337918e-02	2.831762e-15
295	8.229340e-14	1.411682e-05	1.709290e-02	9.143711e-15
296	2.672662e-14	1.282313e-05	3.944647e-02	2.969624e-15
297	2.838219e-14	1.095729e-05	2.317573e-02	3.153577e-15
298	1.545674e-14	9.365944e-06	2.657706e-02	1.717415e-15
299	5.638303e-15	7.545588e-06	3.809789e-02	6.264781e-16
300	7.492297e-15	7.658523e-06	2.997714e-02	8.324774e-16
301	5.530540e-14	1.156494e-05	1.398402e-02	6.145045e-15
302	6.482645e-14	1.445524e-05	2.329668e-02	7.202938e-15
303	1.991685e-14	1.162645e-05	3.945395e-02	2.212983e-15
304	1.340955e-13	1.784951e-05	2.120482e-02	1.489950e-14
305	3.676466e-14	1.050114e-05	1.574884e-02	4.084962e-15
306	1.069866e-14	1.101742e-05	6.250000e-02	1.188740e-15
307	2.566252e-14	1.165886e-05	3.087730e-02	2.851391e-15
308	4.335169e-14	1.129619e-05	1.662495e-02	4.816854e-15
309	1.014031e-14	9.569980e-06	4.321674e-02	1.126701e-15
310	1.866206e-14	9.588113e-06	2.361619e-02	2.073562e-15
311	1.206166e-13	1.627159e-05	1.785882e-02	1.340184e-14
312	4.750434e-14	1.521717e-05	3.708845e-02	5.278260e-15
313	6.137989e-15	9.154726e-06	6.250000e-02	6.819987e-16
314	6.493944e-15	7.972998e-06	3.902352e-02	7.215493e-16
315	3.472018e-14	1.415285e-05	4.082438e-02	3.857797e-15
316	3.626729e-14	1.349380e-05	3.387334e-02	4.029699e-15
317	9.436096e-14	1.447215e-05	1.606115e-02	1.048455e-14
318	4.098251e-14	1.257850e-05	2.428050e-02	4.553612e-15
319	7.703137e-14	1.557336e-05	2.451596e-02	8.559041e-15
320	2.000969e-14	1.090068e-05	3.236612e-02	2.223299e-15
321	3.856887e-14	1.204198e-05	2.263740e-02	4.285430e-15
322	2.733398e-14	1.046189e-05	2.094585e-02	3.037108e-15
323	2.619778e-14	1.245726e-05	3.689550e-02	2.910864e-15
324	1.027829e-14	1.178276e-05	7.957747e-02	1.142033e-15
325	3.582630e-14	1.648304e-05	6.250000e-02	3.980699e-15
326	1.633580e-14	9.605495e-06	2.712619e-02	1.815089e-15
327	1.075823e-14	9.338882e-06	3.785419e-02	1.195358e-15
328	4.010491e-15	7.943938e-06	6.250000e-02	4.456101e-16
329	9.172034e-15	8.838896e-06	3.764422e-02	1.019115e-15
330	3.691966e-14	1.462250e-05	4.234260e-02	4.102185e-15
331	5.091920e-14	1.130790e-05	1.419824e-02	5.657689e-15
332	1.430375e-13	1.729678e-05	1.808907e-02	1.589305e-14
333	1.355420e-14	1.033280e-05	4.069591e-02	1.506022e-15
334	4.120128e-14	1.366845e-05	3.098969e-02	4.577920e-15
335	1.350564e-14	1.016157e-05	3.884516e-02	1.500627e-15
336	5.266329e-14	1.243354e-05	1.824932e-02	5.851476e-15
337	9.493839e-14	2.006029e-05	4.251479e-02	1.054871e-14
338	2.833524e-14	1.313867e-05	4.002189e-02	3.148360e-15
339	3.341900e-14	1.068140e-05	1.823313e-02	3.713222e-15
340	1.918121e-14	1.176003e-05	4.239548e-02	2.131245e-15
341	1.041424e-14	9.982941e-06	4.776590e-02	1.157138e-15
342	6.303379e-14	1.523696e-05	2.806026e-02	7.003754e-15
343	6.824825e-14	1.663066e-05	3.369824e-02	7.583139e-15
344	4.635559e-14	1.568292e-05	4.160534e-02	5.150621e-15
345	5.773897e-15	8.970012e-06	6.250000e-02	6.415442e-16
346	1.402305e-14	1.067699e-05	4.339837e-02	1.558117e-15
347	5.933241e-15	8.200737e-06	4.647685e-02	6.592490e-16
348	9.331390e-14	1.621562e-05	2.284675e-02	1.036821e-14
349	1.498012e-14	1.232561e-05	6.250000e-02	1.664458e-15
350	1.903565e-14	1.221021e-05	4.781586e-02	2.115072e-15
351	5.112025e-14	1.503359e-05	3.323263e-02	5.680028e-15
352	3.615854e-14	1.274970e-05	2.865883e-02	4.017616e-15
353	3.780853e-14	1.197559e-05	2.271284e-02	4.200948e-15
354	1.346479e-14	1.189515e-05	6.250000e-02	1.496088e-15
355	3.407035e-14	1.417191e-05	4.177131e-02	3.785595e-15
356	4.282427e-14	1.570673e-05	4.524157e-02	4.758252e-15
357	6.429002e-14	1.490117e-05	2.573284e-02	7.143335e-15
358	7.576677e-14	1.668533e-05	3.065462e-02	8.418530e-15
359	2.063537e-14	1.193675e-05	4.121124e-02	2.292818e-15
360	1.359613e-13	1.704046e-05	1.819695e-02	1.510681e-14
361	1.430458e-13	1.569966e-05	1.352587e-02	1.589398e-14
362	2.343314e-14	9.192683e-06	1.657549e-02	2.603682e-15
363	2.188101e-14	1.112145e-05	3.143311e-02	2.431224e-15
364	2.216230e-14	1.522223e-05	7.957747e-02	2.462478e-15
365	1.347918e-13	1.615509e-05	1.563992e-02	1.497687e-14
366	1.150565e-14	9.202883e-06	3.387120e-02	1.278406e-15
367	1.443800e-14	9.770742e-06	3.230321e-02	1.604222e-15
368	3.443778e-14	1.626728e-05	6.250000e-02	3.826420e-15
369	8.199933e-15	8.637478e-06	3.929348e-02	9.111037e-16
370	3.990238e-14	1.318222e-05	2.870360e-02	4.433598e-15
371	6.654450e-15	8.045846e-06	3.913569e-02	7.393833e-16
372	7.828770e-14	1.418169e-05	1.821631e-02	8.698633e-15
373	2.199566e-14	9.531656e-06	1.968512e-02	2.443962e-15
374	2.439511e-14	1.062750e-05	2.460145e-02	2.710567e-15
375	6.315535e-14	1.676006e-05	3.727234e-02	7.017261e-15
376	3.389833e-14	1.244748e-05	2.844700e-02	3.766481e-15
377	8.679857e-15	7.858341e-06	2.795439e-02	9.644286e-16
378	1.632372e-14	1.057035e-05	3.617588e-02	1.813747e-15
379	1.143695e-14	9.993890e-06	4.363785e-02	1.270773e-15
380	4.209676e-14	1.296015e-05	2.585542e-02	4.677418e-15
381	2.931750e-14	1.006862e-05	1.740819e-02	3.257500e-15
382	8.731966e-15	1.029613e-05	6.250000e-02	9.702185e-16
383	6.768003e-15	1.025086e-05	7.957747e-02	7.520003e-16
384	3.016513e-14	1.686974e-05	7.957747e-02	3.351682e-15
385	1.061342e-14	1.001329e-05	4.729818e-02	1.179269e-15
386	5.943436e-15	9.056962e-06	6.250000e-02	6.603818e-16
387	1.037928e-14	8.559947e-06	3.021454e-02	1.153253e-15
388	1.327256e-14	1.183827e-05	6.250000e-02	1.474728e-15
389	4.151560e-15	8.036010e-06	6.250000e-02	4.612845e-16
390	2.806974e-14	1.519554e-05	6.250000e-02	3.118860e-15
391	1.461112e-14	1.045884e-05	3.915051e-02	1.623457e-15
392	2.322761e-14	1.261560e-05	4.322048e-02	2.580846e-15
393	5.857948e-14	1.461858e-05	2.666492e-02	6.508831e-15
394	5.823738e-14	1.286711e-05	1.828990e-02	6.470820e-15
395	1.128019e-14	1.121353e-05	6.250000e-02	1.253355e-15
396	1.365961e-14	9.842372e-06	3.490044e-02	1.517735e-15
397	2.523094e-14	1.272230e-05	4.080688e-02	2.803438e-15
398	4.129331e-14	9.921765e-06	1.182652e-02	4.588146e-15
399	6.446207e-15	9.305465e-06	6.250000e-02	7.162452e-16
400	1.785490e-14	1.035792e-05	3.111930e-02	1.983877e-15
401	1.360759e-14	1.293800e-05	7.957747e-02	1.511954e-15
402	6.341572e-14	1.524371e-05	2.792832e-02	7.046191e-15
403	1.979132e-14	1.160359e-05	3.947043e-02	2.199036e-15
404	3.371576e-14	1.297340e-05	3.238163e-02	3.746195e-15
405	2.165825e-14	1.231193e-05	4.308488e-02	2.406473e-15
406	7.324184e-14	1.459805e-05	2.123708e-02	8.137983e-15
407	1.263738e-13	1.543333e-05	1.454427e-02	1.404153e-14
408	1.240831e-14	1.157553e-05	6.250000e-02	1.378702e-15
409	1.832659e-14	9.069803e-06	2.035551e-02	2.036288e-15
410	2.425126e-14	1.176174e-05	3.354672e-02	2.694584e-15
411	1.965663e-14	1.462547e-05	7.957747e-02	2.184070e-15
412	1.805737e-14	8.078568e-06	1.459885e-02	2.006375e-15
413	3.725612e-14	1.047850e-05	1.544079e-02	4.139569e-15
414	8.653962e-14	1.836718e-05	3.579998e-02	9.615514e-15
415	1.665840e-14	9.656065e-06	2.702322e-02	1.850934e-15
416	2.581884e-14	1.173951e-05	3.133164e-02	2.868760e-15
417	9.569013e-14	1.718847e-05	2.653471e-02	1.063224e-14
418	3.771883e-14	1.504972e-05	4.518527e-02	4.190981e-15
419	4.419774e-14	1.239765e-05	2.155697e-02	4.910860e-15
420	2.445515e-14	1.114349e-05	2.829202e-02	2.717239e-15
421	7.246988e-14	1.541160e-05	2.525547e-02	8.052209e-15
422	4.938202e-14	1.115849e-05	1.406750e-02	5.486891e-15
423	6.866727e-14	1.444834e-05	2.196210e-02	7.629696e-15
424	3.944571e-14	1.503670e-05	4.309511e-02	4.382857e-15
425	1.683633e-14	1.388958e-05	7.957747e-02	1.870704e-15
426	5.949257e-14	1.417008e-05	2.391243e-02	6.610286e-15
427	4.457271e-14	1.480592e-05	3.640884e-02	4.952523e-15
428	1.500259e-14	1.033756e-05	3.681785e-02	1.666954e-15
429	1.539731e-14	1.034703e-05	3.597264e-02	1.710812e-15
430	4.181058e-15	6.845515e-06	3.836208e-02	4.645620e-16
431	2.112550e-14	8.305110e-06	1.355811e-02	2.347277e-15
432	1.224584e-14	9.379238e-06	3.368869e-02	1.360649e-15
433	1.675762e-14	1.026139e-05	3.223862e-02	1.861958e-15
434	8.796736e-14	1.821799e-05	3.436763e-02	9.774151e-15
435	1.201404e-14	7.475053e-06	1.738296e-02	1.334894e-15
436	2.045374e-14	9.259490e-06	1.940700e-02	2.272638e-15
437	8.368727e-15	1.015133e-05	6.250000e-02	9.298586e-16
438	1.077854e-14	8.868572e-06	3.235720e-02	1.197616e-15
439	9.033225e-15	1.041320e-05	6.250000e-02	1.003692e-15
440	1.218124e-14	1.044804e-05	4.681484e-02	1.353471e-15
441	1.501211e-14	1.011211e-05	3.443927e-02	1.668013e-15
442	7.281645e-14	1.405205e-05	1.905285e-02	8.090717e-15
443	2.812425e-14	1.315390e-05	4.046249e-02	3.124917e-15
444	4.334414e-15	8.835887e-06	7.957747e-02	4.816016e-16
445	2.592451e-14	1.121628e-05	2.721484e-02	2.880502e-15
446	3.521503e-14	1.183433e-05	2.353274e-02	3.912781e-15
447	1.522487e-14	1.071444e-05	4.039468e-02	1.691653e-15
448	1.835476e-14	9.726039e-06	2.506279e-02	2.039418e-15
449	1.455931e-14	1.220910e-05	6.250000e-02	1.617702e-15
450	5.281369e-15	7.334443e-06	3.735295e-02	5.868187e-16
451	1.377241e-14	1.012471e-05	3.767974e-02	1.530268e-15
452	1.047685e-13	1.685779e-05	2.286343e-02	1.164094e-14
453	6.086446e-14	1.428405e-05	2.394197e-02	6.762718e-15
454	3.953169e-15	7.905909e-06	6.250000e-02	4.392410e-16
455	4.454928e-15	7.485203e-06	4.706956e-02	4.949919e-16
456	4.652639e-14	1.311189e-05	2.422514e-02	5.169599e-15
457	3.923348e-14	1.397723e-05	3.479976e-02	4.359276e-15
458	2.154148e-14	1.074986e-05	2.883386e-02	2.393498e-15
459	2.381009e-14	8.404683e-06	1.246731e-02	2.645566e-15
460	2.810976e-14	1.261356e-05	3.569655e-02	3.123306e-15
461	1.761064e-14	1.126883e-05	4.062857e-02	1.956738e-15
462	2.863182e-14	1.306798e-05	3.897147e-02	3.181313e-15
463	3.843191e-14	1.409690e-05	3.644595e-02	4.270212e-15
464	5.562802e-14	1.510866e-05	3.099944e-02	6.180891e-15
465	1.159112e-14	1.131562e-05	6.250000e-02	1.287903e-15
466	1.029791e-14	8.380887e-06	2.858189e-02	1.144212e-15
467	1.234930e-13	1.496554e-05	1.357078e-02	1.372145e-14
468	3.899005e-14	1.266094e-05	2.602639e-02	4.332228e-15
469	4.279658e-14	1.468139e-05	3.697109e-02	4.755175e-15
470	2.838093e-14	1.024995e-05	1.897179e-02	3.153437e-15
471	3.089689e-14	1.178337e-05	2.647673e-02	3.432987e-15
472	1.565532e-14	1.129374e-05	4.600675e-02	1.739480e-15
473	3.249211e-14	1.281722e-05	3.240215e-02	3.610234e-15
474	4.075629e-14	1.398571e-05	3.356055e-02	4.528477e-15
475	4.495397e-14	1.184044e-05	1.846312e-02	4.994885e-15
476	1.335160e-14	9.139777e-06	2.859193e-02	1.483511e-15
477	5.686697e-14	1.507014e-05	3.009274e-02	6.318553e-15
478	4.915195e-15	8.501266e-06	6.250000e-02	5.461328e-16
479	3.317438e-14	1.271204e-05	3.096088e-02	3.686043e-15
480	9.460350e-15	1.146153e-05	7.957747e-02	1.051150e-15
481	6.676016e-14	1.424330e-05	2.164136e-02	7.417796e-15
482	3.133557e-14	1.156340e-05	2.467114e-02	3.481730e-15
483	3.420386e-14	1.354829e-05	3.635365e-02	3.800429e-15
484	4.747395e-15	9.108045e-06	7.957747e-02	5.274884e-16
485	1.841473e-14	1.137794e-05	3.999406e-02	2.046081e-15
486	3.293683e-14	1.206701e-05	2.667393e-02	3.659648e-15
487	7.926485e-15	7.808835e-06	3.003641e-02	8.807206e-16
488	1.037440e-13	1.654050e-05	2.180989e-02	1.152711e-14
489	4.135859e-14	1.370174e-05	3.109795e-02	4.595399e-15
490	3.140011e-14	1.262124e-05	3.201438e-02	3.488902e-15
491	2.478893e-14	1.217349e-05	3.638794e-02	2.754326e-15
492	1.106576e-14	8.153331e-06	2.449030e-02	1.229528e-15
493	2.445927e-14	1.073861e-05	2.531460e-02	2.717697e-15
494	9.655774e-14	1.506611e-05	1.770867e-02	1.072864e-14
495	2.879153e-14	1.250291e-05	3.394212e-02	3.199059e-15
496	2.799231e-14	1.289059e-05	3.826039e-02	3.110257e-15
497	7.542734e-14	1.480899e-05	2.152870e-02	8.380816e-15
498	5.734677e-15	9.700103e-06	7.957747e-02	6.371863e-16
499	3.021592e-14	9.862618e-06	1.587489e-02	3.357325e-15
500	9.583470e-14	1.355039e-05	1.298085e-02	1.064830e-14
501	3.572014e-14	1.646674e-05	6.250000e-02	3.968905e-15
502	2.650649e-14	1.047263e-05	2.166635e-02	2.945165e-15
503	2.225049e-14	1.286895e-05	4.789167e-02	2.472277e-15
504	4.913728e-14	1.513678e-05	3.529066e-02	5.459698e-15
505	2.033861e-13	1.862981e-05	1.589548e-02	2.259846e-14
506	1.024844e-14	8.057711e-06	2.552392e-02	1.138715e-15
507	8.976970e-15	9.477399e-06	4.741412e-02	9.974412e-16
508	3.479867e-14	1.357894e-05	3.597539e-02	3.866518e-15
509	9.755559e-15	1.068368e-05	6.250000e-02	1.083951e-15
510	3.772001e-14	1.459377e-05	4.120034e-02	4.191112e-15
511	1.249576e-14	1.058931e-05	4.751273e-02	1.388418e-15
512	2.011645e-14	9.818116e-06	2.352357e-02	2.235161e-15
513	1.621413e-14	9.953088e-06	3.040535e-02	1.801569e-15
514	1.302651e-14	1.275115e-05	7.957747e-02	1.447390e-15
515	1.376731e-14	9.619363e-06	3.232658e-02	1.529701e-15
516	4.372704e-15	8.861830e-06	7.957747e-02	4.858560e-16
517	1.661263e-14	1.032477e-05	3.312633e-02	1.845847e-15
518	2.568365e-14	1.152223e-05	2.977986e-02	2.853739e-15
519	5.464959e-14	1.618783e-05	3.881045e-02	6.072176e-15
520	3.798008e-14	1.041261e-05	1.486255e-02	4.220009e-15
521	2.907342e-14	1.205340e-05	3.011640e-02	3.230380e-15
522	4.581501e-14	1.183767e-05	1.810343e-02	5.090557e-15
523	6.339369e-14	1.351203e-05	1.945744e-02	7.043744e-15
524	2.433010e-14	1.073232e-05	2.540430e-02	2.703344e-15
525	5.974932e-14	1.430163e-05	2.447901e-02	6.638813e-15
526	6.048258e-14	1.276337e-05	1.718843e-02	6.720287e-15
527	4.665780e-14	1.276216e-05	2.227501e-02	5.184201e-15
528	1.423566e-14	1.060134e-05	4.184795e-02	1.581740e-15
529	8.776484e-15	7.604934e-06	2.505739e-02	9.751649e-16
530	7.700819e-15	8.756133e-06	4.358832e-02	8.556466e-16
531	4.204940e-14	1.390800e-05	3.198929e-02	4.672155e-15
532	2.570489e-14	1.475622e-05	6.250000e-02	2.856098e-15
533	3.197792e-14	8.866879e-06	1.090014e-02	3.553102e-15
534	1.410408e-14	9.475262e-06	3.015776e-02	1.567120e-15
535	4.781432e-15	7.610013e-06	4.608591e-02	5.312702e-16
536	1.456286e-14	1.093998e-05	4.495454e-02	1.618095e-15
537	4.898968e-14	1.653286e-05	4.612215e-02	5.443298e-15
538	4.980828e-14	1.120492e-05	1.412196e-02	5.534253e-15
539	4.728756e-15	7.378404e-06	4.247275e-02	5.254174e-16
540	2.029476e-14	1.363844e-05	6.250000e-02	2.254973e-15
541	2.711798e-14	1.194975e-05	3.146219e-02	3.013109e-15
542	1.208123e-14	1.048518e-05	4.770746e-02	1.342358e-15
543	5.826631e-15	7.669614e-06	3.871445e-02	6.474034e-16
544	1.484050e-14	1.113449e-05	4.650849e-02	1.648944e-15
545	2.706851e-14	1.176468e-05	3.007779e-02	3.007612e-15
546	6.406932e-14	1.633079e-05	3.398925e-02	7.118813e-15
547	5.449191e-14	1.553916e-05	3.442870e-02	6.054656e-15
548	9.976425e-15	9.119675e-06	3.801309e-02	1.108492e-15
549	7.105864e-14	1.245217e-05	1.358589e-02	7.895404e-15
550	6.643315e-15	6.740073e-06	2.304512e-02	7.381461e-16
551	2.644098e-14	1.287912e-05	4.039715e-02	2.937886e-15
552	3.419004e-14	1.390157e-05	3.928820e-02	3.798894e-15
553	1.045094e-14	9.415930e-06	3.993966e-02	1.161215e-15
554	2.026711e-14	1.114310e-05	3.413469e-02	2.251901e-15
555	7.783093e-15	1.073967e-05	7.957747e-02	8.647881e-16
556	5.623639e-15	8.891516e-06	6.250000e-02	6.248488e-16
557	1.786436e-14	1.171562e-05	4.500686e-02	1.984929e-15
558	1.254988e-14	9.892040e-06	3.856452e-02	1.394432e-15
559	1.648120e-14	1.005309e-05	3.082336e-02	1.831245e-15
560	2.177060e-14	1.182345e-05	3.796052e-02	2.418956e-15
561	6.650616e-15	7.750155e-06	3.499769e-02	7.389573e-16
562	1.072889e-14	9.365555e-06	3.828385e-02	1.192099e-15
563	5.233877e-15	8.681161e-06	6.250000e-02	5.815418e-16
564	1.404431e-13	1.831349e-05	2.186671e-02	1.560479e-14
565	4.377389e-14	1.509152e-05	3.926030e-02	4.863765e-15
566	1.040919e-14	8.810718e-06	3.285392e-02	1.156576e-15
567	1.536169e-14	8.297588e-06	1.859459e-02	1.706855e-15
568	5.325880e-15	9.463908e-06	7.957747e-02	5.917645e-16
569	1.086908e-13	1.314209e-05	1.044169e-02	1.207675e-14
570	2.619614e-14	1.287407e-05	4.072677e-02	2.910682e-15
571	2.363455e-14	1.172579e-05	3.410740e-02	2.626061e-15
572	1.472451e-13	1.687016e-05	1.630374e-02	1.636056e-14
573	1.005302e-14	1.169604e-05	7.957747e-02	1.117003e-15
574	7.092161e-14	1.765955e-05	3.882670e-02	7.880178e-15
575	2.932461e-14	9.511381e-06	1.467130e-02	3.258290e-15
576	2.426461e-14	1.120967e-05	2.902516e-02	2.696068e-15
577	4.726548e-14	1.340016e-05	2.545397e-02	5.251720e-15
578	3.835426e-14	1.097374e-05	1.722742e-02	4.261585e-15
579	2.535555e-14	1.134998e-05	2.883248e-02	2.817283e-15
580	1.098066e-14	8.879823e-06	3.188265e-02	1.220073e-15
581	7.627003e-14	1.330135e-05	1.542779e-02	8.474448e-15
582	1.348557e-14	1.059360e-05	4.407892e-02	1.498397e-15
583	1.856077e-14	1.190101e-05	4.540728e-02	2.062308e-15
584	6.455158e-14	1.802128e-05	4.533359e-02	7.172398e-15
585	2.445737e-14	1.278920e-05	4.276515e-02	2.717486e-15
586	2.940633e-14	1.543300e-05	6.250000e-02	3.267370e-15
587	1.559603e-14	9.819030e-06	3.035020e-02	1.732893e-15
588	3.973382e-14	1.016858e-05	1.323093e-02	4.414869e-15
589	5.383370e-15	9.497839e-06	7.957747e-02	5.981522e-16
590	2.285336e-14	1.152985e-05	3.353443e-02	2.539263e-15
591	3.012875e-14	1.342207e-05	4.012801e-02	3.347639e-15
592	6.304698e-14	1.503697e-05	2.696412e-02	7.005220e-15
593	1.056087e-14	1.096991e-05	6.250000e-02	1.173430e-15
594	1.537614e-14	1.077481e-05	4.067721e-02	1.708460e-15
595	2.304734e-14	9.993174e-06	2.165008e-02	2.560816e-15
596	6.895988e-15	8.360544e-06	4.237182e-02	7.662209e-16
597	2.034114e-14	1.035588e-05	2.729960e-02	2.260127e-15
598	3.685419e-14	1.329784e-05	3.190262e-02	4.094910e-15
599	9.119942e-15	8.475378e-06	3.337761e-02	1.013327e-15
600	2.377973e-14	1.078693e-05	2.639105e-02	2.642192e-15
601	6.171749e-14	1.636451e-05	3.550346e-02	6.857499e-15
602	1.520063e-14	9.594849e-06	2.905514e-02	1.688959e-15
603	1.736280e-14	1.007868e-05	2.948229e-02	1.929200e-15
604	8.948992e-15	7.463940e-06	2.323273e-02	9.943325e-16
605	1.540637e-14	1.244142e-05	6.250000e-02	1.711819e-15
606	1.333888e-14	1.062963e-05	4.501990e-02	1.482098e-15
607	3.061729e-14	1.394574e-05	4.429232e-02	3.401921e-15
608	2.776355e-14	8.447256e-06	1.085531e-02	3.084839e-15
609	1.038569e-13	1.709694e-05	2.405967e-02	1.153965e-14
610	1.050519e-14	8.791060e-06	3.233626e-02	1.167243e-15
611	5.261792e-14	1.303138e-05	2.102844e-02	5.846436e-15
612	3.240997e-14	1.175121e-05	2.503451e-02	3.601108e-15
613	1.016534e-14	8.488688e-06	3.008638e-02	1.129482e-15
614	5.723918e-14	1.461513e-05	2.727000e-02	6.359909e-15
615	7.821056e-15	9.924877e-06	6.250000e-02	8.690062e-16
616	1.279232e-13	1.475112e-05	1.254571e-02	1.421369e-14
617	6.607179e-15	8.197818e-06	4.169162e-02	7.341310e-16
618	1.517044e-14	1.237759e-05	6.250000e-02	1.685604e-15
619	7.329307e-14	1.346026e-05	1.663670e-02	8.143675e-15
620	2.654813e-14	1.038375e-05	2.108625e-02	2.949792e-15
621	2.440330e-14	1.055574e-05	2.409835e-02	2.711478e-15
622	3.774154e-14	1.226351e-05	2.443403e-02	4.193504e-15
623	4.185721e-14	1.539870e-05	4.361658e-02	4.650801e-15
624	6.639463e-14	1.501236e-05	2.547911e-02	7.377181e-15
625	5.216041e-15	8.671289e-06	6.250000e-02	5.795601e-16
626	2.412841e-14	9.069312e-06	1.545839e-02	2.680934e-15
627	4.219165e-15	8.756870e-06	7.957747e-02	4.687961e-16
628	1.064926e-14	9.481288e-06	4.001775e-02	1.183251e-15
629	5.040503e-14	1.524724e-05	3.516168e-02	5.600558e-15
630	1.677704e-14	1.026740e-05	3.225787e-02	1.864115e-15
631	3.402271e-14	1.205830e-05	2.576674e-02	3.780301e-15
632	1.671990e-14	1.137688e-05	4.403576e-02	1.857767e-15
633	3.891722e-14	1.295549e-05	2.793767e-02	4.324136e-15
634	6.194633e-14	1.093894e-05	1.056526e-02	6.882926e-15
635	1.571352e-14	1.057525e-05	3.763300e-02	1.745947e-15
636	1.030384e-14	9.046879e-06	3.593084e-02	1.144871e-15
637	3.597971e-14	1.213120e-05	2.480982e-02	3.997746e-15
638	2.015942e-14	1.057814e-05	2.935754e-02	2.239936e-15
639	3.638340e-14	1.352871e-05	3.402796e-02	4.042600e-15
640	2.417567e-14	1.445760e-05	6.250000e-02	2.686186e-15
641	5.331267e-14	1.254869e-05	1.853255e-02	5.923630e-15
642	7.386349e-15	8.892315e-06	4.759757e-02	8.207055e-16
643	4.542340e-14	1.182272e-05	1.819042e-02	5.047044e-15
644	1.496139e-14	9.696073e-06	3.046391e-02	1.662377e-15
645	2.615442e-14	1.193412e-05	3.249351e-02	2.906046e-15
646	3.807299e-14	1.021227e-05	1.398684e-02	4.230332e-15
647	5.230395e-14	1.258859e-05	1.907072e-02	5.811550e-15
648	2.142907e-14	1.050671e-05	2.706244e-02	2.381008e-15
649	2.829445e-14	9.654508e-06	1.590227e-02	3.143828e-15
650	9.623427e-14	1.587198e-05	2.077463e-02	1.069270e-14
651	7.325556e-15	1.052495e-05	7.957747e-02	8.139506e-16
652	2.047943e-14	1.235503e-05	4.604513e-02	2.275492e-15
653	4.476647e-14	1.013258e-05	1.161922e-02	4.974052e-15
654	1.044469e-14	9.656586e-06	4.310673e-02	1.160522e-15
655	3.485529e-14	1.238669e-05	2.726262e-02	3.872810e-15
656	1.150232e-14	9.764404e-06	4.046894e-02	1.278036e-15
657	2.785651e-14	1.191061e-05	3.032811e-02	3.095168e-15
658	4.643303e-14	1.203744e-05	1.878214e-02	5.159225e-15
659	3.392362e-14	9.846563e-06	1.407090e-02	3.769292e-15
660	4.877359e-14	1.187826e-05	1.718080e-02	5.419288e-15
661	2.612392e-14	1.154111e-05	2.942212e-02	2.902658e-15
662	1.386858e-14	1.006598e-05	3.677110e-02	1.540953e-15
663	1.154247e-14	8.862987e-06	3.015863e-02	1.282497e-15
664	5.374634e-14	1.501743e-05	3.150707e-02	5.971815e-15
665	9.958458e-15	1.075724e-05	6.250000e-02	1.106495e-15
666	5.199866e-14	1.307738e-05	2.150503e-02	5.777629e-15
667	3.432948e-14	1.124895e-05	2.073189e-02	3.814387e-15
668	1.958833e-14	9.512246e-06	2.196958e-02	2.176481e-15
669	2.856810e-14	1.001357e-05	1.757341e-02	3.174233e-15
670	2.978316e-14	1.227448e-05	3.104619e-02	3.309241e-15
671	3.729845e-14	1.228394e-05	2.484804e-02	4.144272e-15
672	2.702383e-14	1.042594e-05	2.096858e-02	3.002647e-15
673	7.867413e-15	9.944448e-06	6.250000e-02	8.741570e-16
674	1.103693e-13	1.698890e-05	2.221352e-02	1.226326e-14
675	1.433860e-14	1.002572e-05	3.514066e-02	1.593177e-15
676	1.105318e-13	1.348818e-05	1.110050e-02	1.228131e-14
677	4.978227e-14	1.451558e-05	3.071839e-02	5.531363e-15
678	6.130870e-14	1.473455e-05	2.608908e-02	6.812078e-15
679	1.363146e-14	1.044391e-05	4.178465e-02	1.514607e-15
680	8.543992e-15	1.022171e-05	6.250000e-02	9.493324e-16
681	1.503267e-14	1.014163e-05	3.469421e-02	1.670296e-15
682	2.158781e-14	1.270803e-05	4.753305e-02	2.398646e-15
683	1.077020e-13	1.370636e-05	1.195398e-02	1.196688e-14
684	2.058348e-14	1.210355e-05	4.307148e-02	2.287053e-15
685	3.215072e-14	1.224600e-05	2.856026e-02	3.572302e-15
686	7.700406e-15	8.357478e-06	3.790374e-02	8.556007e-16
687	4.839882e-14	1.165733e-05	1.636562e-02	5.377646e-15
688	5.302635e-15	8.719011e-06	6.250000e-02	5.891816e-16
689	8.057846e-15	1.086458e-05	7.957747e-02	8.953162e-16
690	9.816003e-15	8.016539e-06	2.624195e-02	1.090667e-15
691	7.692546e-15	9.870217e-06	6.250000e-02	8.547274e-16
692	1.149910e-14	8.210765e-06	2.406895e-02	1.277678e-15
693	1.950967e-14	1.222422e-05	4.681489e-02	2.167741e-15
694	7.019720e-15	9.573629e-06	6.250000e-02	7.799689e-16
695	3.625548e-14	1.285816e-05	2.931790e-02	4.028386e-15
696	7.303998e-15	8.035593e-06	3.551920e-02	8.115553e-16
697	3.412494e-15	8.158883e-06	7.957747e-02	3.791660e-16
698	4.483520e-14	1.776273e-05	6.250000e-02	4.981689e-15
699	4.256723e-14	1.503868e-05	3.995064e-02	4.729692e-15
700	7.256936e-15	7.143510e-06	2.511607e-02	8.063262e-16
701	4.952759e-14	1.322709e-05	2.336231e-02	5.503065e-15
702	1.621017e-14	1.009190e-05	3.170303e-02	1.801130e-15
703	1.488840e-14	9.576551e-06	2.949507e-02	1.654266e-15
704	6.797777e-14	1.329731e-05	1.729397e-02	7.553086e-15
705	1.277631e-14	9.791402e-06	3.673663e-02	1.419590e-15
706	8.752892e-15	1.030435e-05	6.250000e-02	9.725436e-16
707	1.346504e-14	9.779090e-06	3.472624e-02	1.496115e-15
708	1.506861e-14	8.927017e-06	2.360565e-02	1.674290e-15
709	3.744007e-14	1.218061e-05	2.413463e-02	4.160008e-15
710	1.156636e-13	1.502721e-05	1.466927e-02	1.285151e-14
711	1.881474e-14	9.600097e-06	2.351250e-02	2.090526e-15
712	5.154464e-14	1.437770e-05	2.883070e-02	5.727182e-15
713	2.309732e-14	9.804252e-06	2.040102e-02	2.566369e-15
714	2.411761e-14	9.583661e-06	1.824862e-02	2.679735e-15
715	1.572678e-14	9.658561e-06	2.864623e-02	1.747420e-15
716	7.420904e-14	1.396933e-05	1.836705e-02	8.245449e-15
717	2.633682e-14	1.091805e-05	2.470827e-02	2.926313e-15
718	7.948177e-15	1.081507e-05	7.957747e-02	8.831308e-16
719	8.308645e-15	1.012698e-05	6.250000e-02	9.231828e-16
720	7.443510e-14	1.697270e-05	3.284315e-02	8.270567e-15
721	4.652028e-15	8.346750e-06	6.250000e-02	5.168919e-16
722	2.243490e-14	1.150407e-05	3.393132e-02	2.492767e-15
723	2.787461e-14	1.112936e-05	2.472702e-02	3.097178e-15
724	1.098625e-14	9.301207e-06	3.662171e-02	1.220694e-15
725	3.300259e-14	9.093213e-06	1.139132e-02	3.666954e-15
726	6.167528e-15	9.938261e-06	7.957747e-02	6.852808e-16
727	2.653820e-14	1.033407e-05	2.079278e-02	2.948689e-15
728	1.127325e-14	7.686375e-06	2.014121e-02	1.252583e-15
729	4.054204e-14	1.278375e-05	2.576551e-02	4.504671e-15
730	1.369544e-14	9.748440e-06	3.382201e-02	1.521715e-15
731	1.847325e-14	1.135842e-05	3.966250e-02	2.052584e-15
732	3.045758e-14	1.215602e-05	2.948823e-02	3.384175e-15
733	5.616311e-15	9.632901e-06	7.957747e-02	6.240346e-16
734	3.643261e-14	1.024174e-05	1.474349e-02	4.048068e-15
735	8.669619e-15	8.545871e-06	3.599473e-02	9.632911e-16
736	4.988963e-14	1.428566e-05	2.921869e-02	5.543292e-15
737	1.500758e-14	1.065957e-05	4.035323e-02	1.667509e-15
738	3.261865e-15	8.037026e-06	7.957747e-02	3.624294e-16
739	1.613530e-14	8.879318e-06	2.169360e-02	1.792811e-15
740	4.370283e-14	1.370788e-05	2.946939e-02	4.855870e-15
741	1.610882e-14	1.032999e-05	3.421413e-02	1.789869e-15
742	2.483491e-14	9.425519e-06	1.685867e-02	2.759434e-15
743	8.188437e-14	1.594916e-05	2.477323e-02	9.098263e-15
744	9.060357e-15	8.558233e-06	3.459211e-02	1.006706e-15
745	3.239909e-14	1.310884e-05	3.476398e-02	3.599899e-15
746	1.205489e-14	1.037080e-05	4.626404e-02	1.339432e-15
747	8.936691e-15	8.556191e-06	3.504570e-02	9.929657e-16
748	1.811729e-14	9.663260e-06	2.490277e-02	2.013033e-15
749	6.441860e-14	1.627605e-05	3.346617e-02	7.157623e-15
750	4.101778e-14	1.212258e-05	2.171616e-02	4.557531e-15
751	5.558999e-14	1.250943e-05	1.760704e-02	6.176665e-15
752	5.315507e-14	1.395543e-05	2.556552e-02	5.906119e-15
753	9.012699e-15	9.405633e-06	4.616143e-02	1.001411e-15
754	3.841884e-15	7.831016e-06	6.250000e-02	4.268760e-16
755	7.215409e-14	1.345533e-05	1.688075e-02	8.017121e-15
756	4.639398e-14	1.257615e-05	2.143639e-02	5.154887e-15
757	1.027517e-14	7.632776e-06	2.163856e-02	1.141686e-15
758	2.702243e-14	1.356264e-05	4.616138e-02	3.002492e-15
759	4.613256e-14	1.482447e-05	3.531020e-02	5.125840e-15
760	2.750800e-14	1.063956e-05	2.189185e-02	3.056445e-15
761	3.292844e-14	1.360846e-05	3.826714e-02	3.658716e-15
762	4.874181e-14	1.177579e-05	1.675093e-02	5.415757e-15
763	2.975505e-14	1.268642e-05	3.431046e-02	3.306117e-15
764	3.083331e-14	9.215932e-06	1.269310e-02	3.425924e-15
765	2.547551e-14	1.338942e-05	4.711215e-02	2.830612e-15
766	1.254844e-14	9.904447e-06	3.871425e-02	1.394272e-15
767	1.912828e-14	1.199290e-05	4.508857e-02	2.125365e-15
768	3.239860e-14	1.146409e-05	2.325213e-02	3.599845e-15
769	1.390415e-14	1.030681e-05	3.937304e-02	1.544905e-15
770	6.761712e-15	9.454870e-06	6.250000e-02	7.513013e-16
771	6.071108e-15	9.121354e-06	6.250000e-02	6.745676e-16
772	1.652936e-14	9.548233e-06	2.633195e-02	1.836595e-15
773	4.192906e-14	1.017316e-05	1.255516e-02	4.658785e-15
774	5.401728e-15	9.508622e-06	7.957747e-02	6.001920e-16
775	9.747076e-15	1.068058e-05	6.250000e-02	1.083008e-15
776	1.058769e-13	1.338796e-05	1.133214e-02	1.176410e-14
777	8.229015e-15	1.009453e-05	6.250000e-02	9.143350e-16
778	3.310139e-14	1.411577e-05	4.248522e-02	3.677932e-15
779	1.911420e-14	9.751534e-06	2.425676e-02	2.123800e-15
780	4.841258e-15	8.458423e-06	6.250000e-02	5.379176e-16
781	6.135592e-15	7.780916e-06	3.838891e-02	6.817324e-16
782	1.117012e-14	8.431347e-06	2.682891e-02	1.241125e-15
783	2.253837e-14	1.081005e-05	2.802405e-02	2.504263e-15
784	1.211182e-14	9.718919e-06	3.789786e-02	1.345757e-15
785	3.061878e-14	9.259807e-06	1.296546e-02	3.402086e-15
786	3.393244e-14	1.367253e-05	3.766185e-02	3.770271e-15
787	1.148107e-14	1.008802e-05	4.471012e-02	1.275675e-15
788	1.089020e-14	1.108278e-05	6.250000e-02	1.210022e-15
789	5.176290e-14	1.214212e-05	1.729161e-02	5.751433e-15
790	8.879351e-15	6.257878e-06	1.379972e-02	9.865945e-16
791	3.905375e-14	1.521848e-05	4.512542e-02	4.339305e-15
792	3.711086e-15	6.001360e-06	2.912179e-02	4.123429e-16
793	1.548233e-14	1.350679e-05	7.957747e-02	1.720259e-15
794	1.852466e-14	8.947180e-06	1.933206e-02	2.058296e-15
795	1.112808e-14	8.321584e-06	2.589213e-02	1.236453e-15
796	4.315563e-15	8.823059e-06	7.957747e-02	4.795070e-16
797	1.189989e-14	1.141522e-05	6.250000e-02	1.322210e-15
798	1.170038e-14	1.135106e-05	6.250000e-02	1.300042e-15
799	2.496403e-14	1.044880e-05	2.284836e-02	2.773781e-15
800	4.998676e-14	1.310019e-05	2.248782e-02	5.554085e-15
801	2.332560e-14	1.428612e-05	6.250000e-02	2.591733e-15
802	4.461884e-15	8.921670e-06	7.957747e-02	4.957649e-16
803	5.056680e-14	1.364995e-05	2.514769e-02	5.618533e-15
804	9.343502e-15	9.051564e-06	3.968544e-02	1.038167e-15
805	7.498848e-15	8.635195e-06	4.293307e-02	8.332053e-16
806	4.115034e-14	1.497562e-05	4.080852e-02	4.572260e-15
807	5.974712e-15	9.072821e-06	6.250000e-02	6.638568e-16
808	1.897173e-14	1.191353e-05	4.456398e-02	2.107970e-15
809	1.084064e-14	1.199384e-05	7.957747e-02	1.204515e-15
810	1.580250e-14	8.170365e-06	1.725713e-02	1.755834e-15
811	2.063072e-14	1.015662e-05	2.539240e-02	2.292302e-15
812	1.237017e-14	9.526293e-06	3.494347e-02	1.374464e-15
813	7.909496e-14	1.240790e-05	1.207581e-02	8.788328e-15
814	9.024611e-15	1.040989e-05	6.250000e-02	1.002735e-15
815	2.704526e-14	1.087424e-05	2.377251e-02	3.005029e-15
816	1.145253e-14	9.551858e-06	3.804803e-02	1.272503e-15
817	4.595350e-14	1.170205e-05	1.743561e-02	5.105945e-15
818	5.588445e-15	8.054578e-06	4.675278e-02	6.209383e-16
819	1.415396e-14	1.011600e-05	3.656942e-02	1.572663e-15
820	2.188750e-14	1.010075e-05	2.354151e-02	2.431944e-15
821	9.409588e-15	8.617867e-06	3.400938e-02	1.045510e-15
822	2.785671e-15	7.035257e-06	6.250000e-02	3.095190e-16
823	1.362042e-14	1.035099e-05	4.071222e-02	1.513380e-15
824	2.314563e-14	1.166164e-05	3.425942e-02	2.571737e-15
825	4.542111e-14	1.496280e-05	3.687661e-02	5.046790e-15
826	4.730885e-14	1.259532e-05	2.111810e-02	5.256538e-15
827	2.727067e-14	1.228229e-05	3.397133e-02	3.030074e-15
828	1.744998e-14	7.708080e-06	1.312241e-02	1.938887e-15
829	1.076865e-14	1.196724e-05	7.957747e-02	1.196517e-15
830	3.889982e-14	9.858412e-06	1.231525e-02	4.322202e-15
831	1.012287e-13	1.509456e-05	1.698744e-02	1.124763e-14
832	5.420970e-14	1.075872e-05	1.148615e-02	6.023300e-15
833	1.044139e-14	8.879663e-06	3.352748e-02	1.160155e-15
834	3.216622e-14	1.338067e-05	3.723949e-02	3.574024e-15
835	2.908117e-14	1.257381e-05	3.417898e-02	3.231241e-15
836	2.098958e-14	9.948275e-06	2.345360e-02	2.332176e-15
837	7.500858e-14	1.619188e-05	2.829766e-02	8.334287e-15
838	4.569025e-14	1.181998e-05	1.807162e-02	5.076695e-15
839	3.616599e-14	1.428758e-05	4.032238e-02	4.018443e-15
840	2.493364e-14	9.131687e-06	1.526994e-02	2.770404e-15
841	1.958797e-14	1.120893e-05	3.594786e-02	2.176441e-15
842	4.595564e-14	1.153831e-05	1.671315e-02	5.106183e-15
843	9.985503e-15	9.172332e-06	3.864020e-02	1.109500e-15
844	3.509883e-15	6.931215e-06	4.743571e-02	3.899870e-16
845	1.985896e-14	1.204111e-05	4.395550e-02	2.206551e-15
846	1.302152e-14	9.961018e-06	3.795066e-02	1.446836e-15
847	1.544628e-14	9.886509e-06	3.128060e-02	1.716253e-15
848	2.912094e-14	1.295751e-05	3.735330e-02	3.235660e-15
849	8.518891e-15	8.839107e-06	4.053332e-02	9.465434e-16
850	4.102083e-15	6.555051e-06	3.433157e-02	4.557870e-16
851	3.284167e-14	1.036729e-05	1.696445e-02	3.649074e-15
852	6.371647e-14	1.495386e-05	2.624087e-02	7.079607e-15
853	1.457725e-14	9.626586e-06	3.059928e-02	1.619694e-15
854	1.909034e-14	9.710645e-06	2.398284e-02	2.121149e-15
855	3.960485e-14	1.267217e-05	2.569065e-02	4.400539e-15
856	1.047088e-14	1.093867e-05	6.250000e-02	1.163431e-15
857	2.454847e-14	1.104368e-05	2.743387e-02	2.727608e-15
858	1.036982e-14	1.090336e-05	6.250000e-02	1.152202e-15
859	1.505532e-14	9.481842e-06	2.831119e-02	1.672814e-15
860	2.057550e-14	8.262812e-06	1.370892e-02	2.286167e-15
861	4.485570e-14	1.287928e-05	2.381370e-02	4.983967e-15
862	1.327963e-14	9.776144e-06	3.517927e-02	1.475515e-15
863	5.562225e-14	1.557017e-05	3.393139e-02	6.180250e-15
864	2.296428e-14	9.759961e-06	2.024237e-02	2.551586e-15
865	3.719752e-14	1.120482e-05	1.890909e-02	4.133058e-15
866	5.489747e-14	1.093364e-05	1.190451e-02	6.099719e-15
867	1.068730e-14	1.003447e-05	4.726995e-02	1.187478e-15
868	5.611555e-14	1.158554e-05	1.385592e-02	6.235061e-15
869	1.700594e-14	1.393607e-05	7.957747e-02	1.889549e-15
870	1.329754e-14	1.056167e-05	4.429930e-02	1.477505e-15
871	4.578154e-15	6.262734e-06	2.682696e-02	5.086838e-16
872	1.193164e-14	8.738837e-06	2.796603e-02	1.325737e-15
873	4.119400e-14	1.435589e-05	3.591090e-02	4.577111e-15
874	3.547821e-14	9.991159e-06	1.405581e-02	3.942023e-15
875	2.024904e-14	1.029507e-05	2.694346e-02	2.249894e-15
876	4.326699e-14	1.307262e-05	2.581672e-02	4.807443e-15
877	3.091149e-14	1.334111e-05	3.840837e-02	3.434610e-15
878	5.979285e-14	1.317964e-05	1.914393e-02	6.643651e-15
879	5.023432e-14	1.515183e-05	3.462301e-02	5.581591e-15
880	5.443949e-15	8.795787e-06	6.250000e-02	6.048832e-16
881	6.532307e-15	9.346712e-06	6.250000e-02	7.258119e-16
882	3.907455e-14	1.203860e-05	2.232564e-02	4.341616e-15
883	2.179242e-14	1.223706e-05	4.204317e-02	2.421381e-15
884	4.375750e-14	1.509515e-05	3.930334e-02	4.861945e-15
885	2.861112e-14	1.178062e-05	2.857195e-02	3.179014e-15
886	4.598469e-14	1.444189e-05	3.275130e-02	5.109409e-15
887	3.263907e-14	1.390331e-05	4.117053e-02	3.626564e-15
888	3.301943e-14	1.328412e-05	3.549761e-02	3.668826e-15
889	5.134898e-14	1.246691e-05	1.886751e-02	5.705443e-15
890	2.400305e-14	1.106530e-05	2.822238e-02	2.667006e-15
891	5.545943e-14	1.425995e-05	2.614258e-02	6.162159e-15
892	5.760904e-15	7.851882e-06	4.201465e-02	6.401004e-16
893	4.865641e-14	1.193474e-05	1.746901e-02	5.406268e-15
894	6.273643e-15	9.221678e-06	6.250000e-02	6.970714e-16
895	3.403149e-14	1.220472e-05	2.670991e-02	3.781276e-15
896	1.065122e-14	1.100111e-05	6.250000e-02	1.183469e-15
897	1.122436e-14	9.171810e-06	3.436954e-02	1.247151e-15
898	6.333819e-15	7.446526e-06	3.259608e-02	7.037577e-16
899	1.555022e-14	1.136981e-05	4.725988e-02	1.727802e-15
900	3.763106e-14	1.436586e-05	3.939293e-02	4.181228e-15
901	4.228485e-14	1.440185e-05	3.532157e-02	4.698317e-15
902	2.089863e-14	8.481721e-06	1.459836e-02	2.322070e-15
903	1.400820e-14	1.003943e-05	3.611721e-02	1.556467e-15
904	2.511146e-14	1.058196e-05	2.359369e-02	2.790163e-15
905	1.078081e-14	1.104554e-05	6.250000e-02	1.197868e-15
906	8.792266e-15	8.736735e-06	3.792422e-02	9.769185e-16
907	2.100546e-14	1.098280e-05	3.153389e-02	2.333940e-15
908	5.048471e-15	8.577419e-06	6.250000e-02	5.609412e-16
909	5.857729e-15	9.013216e-06	6.250000e-02	6.508587e-16
910	4.011038e-15	8.610446e-06	7.957747e-02	4.456709e-16
911	7.220350e-15	8.420306e-06	4.134236e-02	8.022611e-16
912	1.364805e-14	1.025987e-05	3.956629e-02	1.516450e-15
913	4.214141e-14	1.329830e-05	2.790292e-02	4.682379e-15
914	4.630287e-14	1.328917e-05	2.534288e-02	5.144764e-15
915	2.783832e-15	7.623499e-06	7.957747e-02	3.093146e-16
916	2.822842e-14	9.237503e-06	1.396199e-02	3.136491e-15
917	2.140851e-14	1.078086e-05	2.926469e-02	2.378723e-15
918	4.005106e-14	1.217103e-05	2.250806e-02	4.450118e-15
919	1.122621e-14	8.371703e-06	2.613233e-02	1.247357e-15
920	2.570883e-14	1.239558e-05	3.704146e-02	2.856537e-15
921	4.728000e-14	1.046173e-05	1.210885e-02	5.253333e-15
922	2.217325e-14	9.910009e-06	2.194637e-02	2.463695e-15
923	3.406779e-14	1.107409e-05	1.993197e-02	3.785310e-15
924	1.091358e-14	1.109070e-05	6.250000e-02	1.212620e-15
925	1.758197e-14	8.705956e-06	1.876514e-02	1.953552e-15
926	2.007145e-14	1.196151e-05	4.263336e-02	2.230161e-15
927	2.501409e-14	1.111415e-05	2.744193e-02	2.779343e-15
928	1.338089e-14	9.362516e-06	3.066640e-02	1.486766e-15
929	4.711000e-14	1.398542e-05	2.903242e-02	5.234445e-15
930	1.496983e-14	9.951473e-06	3.291662e-02	1.663314e-15
931	9.317625e-15	9.558801e-06	4.686785e-02	1.035292e-15
932	4.049202e-14	1.071915e-05	1.520832e-02	4.499114e-15
933	9.677090e-15	9.594188e-06	4.562994e-02	1.075232e-15
934	1.065821e-14	1.100352e-05	6.250000e-02	1.184246e-15
935	7.547815e-15	7.432088e-06	2.719451e-02	8.386462e-16
936	2.046030e-14	1.166650e-05	3.880426e-02	2.273366e-15
937	9.052027e-14	1.604799e-05	2.282894e-02	1.005781e-14
938	2.064474e-14	1.227857e-05	4.483365e-02	2.293861e-15
939	1.244373e-14	1.158653e-05	6.250000e-02	1.382637e-15
940	3.735559e-14	1.190262e-05	2.257053e-02	4.150621e-15
941	1.163920e-14	8.952187e-06	3.082012e-02	1.293245e-15
942	3.300319e-14	1.081668e-05	1.917328e-02	3.667021e-15
943	8.174722e-14	1.299200e-05	1.341297e-02	9.083024e-15
944	1.339535e-14	1.013283e-05	3.883363e-02	1.488372e-15
945	6.643646e-15	7.964470e-06	3.802193e-02	7.381829e-16
946	2.921649e-14	1.182385e-05	2.828907e-02	3.246276e-15
947	5.012319e-14	1.638990e-05	4.391979e-02	5.569244e-15
948	1.215916e-14	1.149753e-05	6.250000e-02	1.351017e-15
949	1.144597e-14	9.781713e-06	4.088482e-02	1.271774e-15
950	5.510815e-15	7.781878e-06	4.275702e-02	6.123128e-16
951	9.949038e-15	8.998866e-06	3.662286e-02	1.105449e-15
952	4.324305e-15	8.145957e-06	6.250000e-02	4.804783e-16
953	9.782679e-15	9.775070e-06	4.773884e-02	1.086964e-15
954	8.087040e-14	1.312839e-05	1.398990e-02	8.985600e-15
955	7.768408e-15	9.902557e-06	6.250000e-02	8.631565e-16
956	7.553192e-14	1.447593e-05	2.008069e-02	8.392436e-15
957	8.919738e-14	1.459693e-05	1.743421e-02	9.910820e-15
958	1.003021e-13	1.555215e-05	1.875131e-02	1.114467e-14
959	4.320084e-14	1.303622e-05	2.564086e-02	4.800093e-15
960	2.526678e-14	1.467191e-05	6.250000e-02	2.807420e-15
961	2.078760e-14	1.374796e-05	6.250000e-02	2.309733e-15
962	2.521550e-14	1.257241e-05	3.940557e-02	2.801722e-15
963	3.762236e-14	1.165594e-05	2.104580e-02	4.180262e-15
964	1.361030e-14	1.193784e-05	6.250000e-02	1.512256e-15
965	4.701489e-14	1.202928e-05	1.851199e-02	5.223877e-15
966	2.541183e-14	1.469993e-05	6.250000e-02	2.823537e-15
967	8.415481e-15	8.930265e-06	4.231400e-02	9.350535e-16
968	5.439902e-15	6.529870e-06	2.559131e-02	6.044335e-16
969	1.128795e-14	9.657723e-06	3.990056e-02	1.254217e-15
970	6.164555e-14	1.476782e-05	2.612268e-02	6.849505e-15
971	7.050956e-15	9.587808e-06	6.250000e-02	7.834395e-16
972	3.933989e-14	1.427996e-05	3.700986e-02	4.371099e-15
973	9.645013e-15	9.469636e-06	4.402172e-02	1.071668e-15
974	3.330050e-14	1.247384e-05	2.914202e-02	3.700056e-15
975	2.001651e-14	1.212242e-05	4.449894e-02	2.224057e-15
976	3.495827e-14	1.077554e-05	1.789523e-02	3.884252e-15
977	1.638093e-14	1.008706e-05	3.132750e-02	1.820103e-15
978	7.574740e-14	1.246992e-05	1.279952e-02	8.416378e-15
979	2.096561e-14	1.494316e-05	7.957747e-02	2.329512e-15
980	1.214249e-14	8.639204e-06	2.655115e-02	1.349166e-15
981	5.938437e-14	1.321285e-05	1.942170e-02	6.598263e-15
982	2.850903e-14	1.250546e-05	3.429937e-02	3.167670e-15
983	1.071842e-14	1.194860e-05	7.957747e-02	1.190935e-15
984	1.941603e-14	9.815852e-06	2.435530e-02	2.157337e-15
985	1.190214e-14	9.016318e-06	3.079162e-02	1.322460e-15
986	2.707132e-14	9.869525e-06	1.775618e-02	3.007924e-15
987	4.344223e-14	1.403486e-05	3.181870e-02	4.826915e-15
988	5.756113e-14	1.290207e-05	1.865600e-02	6.395682e-15
989	1.499466e-14	8.855810e-06	2.315891e-02	1.666074e-15
990	8.023016e-15	6.714186e-06	1.886307e-02	8.914462e-16
991	2.918795e-14	1.122240e-05	2.421160e-02	3.243105e-15
992	1.696184e-14	1.161001e-05	4.613125e-02	1.884649e-15
993	2.563889e-14	1.130327e-05	2.816326e-02	2.848766e-15
994	8.820747e-15	1.119718e-05	7.957747e-02	9.800830e-16
995	1.633269e-14	1.100571e-05	4.080995e-02	1.814743e-15
996	3.563204e-14	1.348479e-05	3.440821e-02	3.959115e-15
997	9.680542e-15	1.154977e-05	7.957747e-02	1.075616e-15
998	1.585578e-14	1.037143e-05	3.518023e-02	1.761753e-15
999	6.177378e-14	1.260120e-05	1.619576e-02	6.863754e-15
1000	1.742030e-14	1.152837e-05	4.397627e-02	1.935589e-15
